150
69 33
42 27
78 43
78 36
70 49
39 12
49 40
39 13
66 40
58 22
29 11
46 17
62 32
35 12
52 17
31 29
30 22
36 19
49 43
53 11
52 29
40 21
71 34
72 48
35 15
39 13
71 41
29 6
32 12
77 46
30 5
61 34
41 36
75 46
20 13
69 24
77 32
31 14
48 34
43 43
45 37
54 26
72 38
4 3
53 4
42 32
44 26
51 39
62 26
83 44
65 45
62 34
18 17
49 47
59 17
8 2
31 1
77 36
54 15
63 44
69 40
48 31
68 47
56 31
36 9
23 17
50 47
51 36
39 6
43 19
49 28
61 32
22 3
38 20
23 8
89 40
69 46
63 18
47 46
26 21
67 29
42 14
41 41
43 43
48 34
38 24
43 37
84 43
42 27
45 9
33 32
65 37
32 25
45 24
53 8
66 29
78 35
46 18
54 43
57 28
30 26
56 43
51 13
46 6
22 4
66 28
36 19
63 17
67 24
53 20
89 40
47 22
84 44
44 5
40 4
51 19
56 42
54 47
9 5
59 48
50 22
92 49
64 46
62 40
21 11
6 5
41 11
33 28
56 20
70 44
37 22
24 8
40 32
61 24
36 12
36 0
51 2
29 29
39 18
54 23
61 31
77 33
23 10
80 49
95 49
32 9
31 13
85 40
42 26
74 34
