100

5 5
-1 2 5 7 12
-3 0 8 9 15

55 20
2093 8900 26997 55281 55301 59364 64903 113309 163650 181752 207669 224330 243938 266239 269634 285655 293001 312668 322412 324131 336691 357663 359848 364131 364853 382988 407892 412933 416308 433136 447632 459498 476105 476792 481081 484498 492858 498073 556080 632057 635952 728369 738186 747309 755349 784065 808140 816992 835089 892911 918498 919527 951628 955698 979678 

62614 83556 123708 141518 156583 164022 337755 407475 418687 498305 501755 556893 567005 578323 610804 753542 767605 825639 914815 980006 

61 60
14889 28191 41871 74614 76223 109677 160341 186693 187737 196512 206743 224998 239716 239956 253819 267367 291211 319073 360785 365031 388204 404170 409270 416070 419625 420418 450648 459247 464458 487816 503486 508569 556991 577851 615222 620192 621483 685841 689736 689831 691914 701959 716026 727048 729460 759043 765495 781291 785653 831180 859301 873283 880609 924880 950338 955194 955487 962032 984095 990009 990451 

16902 23620 26072 35011 43336 119267 136078 143963 164332 174049 176893 190882 195770 217912 223025 234390 268431 277239 307642 317860 320867 361541 365550 377608 377624 441788 474477 487254 490625 511608 525675 539097 541224 541714 568888 588898 633714 638875 687463 746349 748059 749719 789519 790810 791928 804099 831040 863109 863293 891767 903675 921612 952955 952994 965938 966319 977586 978314 983471 983514 

9 20
128325 320692 329732 384556 438288 461649 485813 855615 930138 

6298 105290 148236 151564 220469 223152 347089 498940 511615 534728 573160 639528 717036 862706 893151 893230 929296 951574 952243 982480 

50 10
9485 22484 52799 77932 82287 94115 125439 157511 162151 167021 192159 239551 240302 300491 315725 358741 385633 391176 391672 410400 432012 444979 468852 492168 496653 511364 515686 547392 586464 635176 665166 717193 724191 725682 735716 767568 780831 786997 790335 803600 827685 837449 843288 865141 872256 883479 886997 906485 943535 947980 

108262 168627 241940 258859 563081 663856 729843 747707 981197 998123 

83 100
7208 20349 21826 38828 39477 39606 55068 79342 96957 99065 113757 116734 130869 132120 139219 146907 163846 176917 205084 213617 215733 221942 223735 226890 228178 231291 255537 256105 258927 296195 306680 307441 310278 346378 357508 367899 412712 413630 430550 436825 454166 454376 460988 479329 492676 500351 502239 519205 528737 546104 601775 624172 640306 643003 646419 677824 695327 706471 716417 725532 746646 751688 756967 762543 771183 786696 799089 825765 879340 882614 885916 903748 917217 918919 921615 925098 926243 943938 947655 949705 960859 987099 990382 

2364 6904 8609 12693 14057 17178 74651 75781 81093 107649 119937 123511 124616 125492 136312 147833 157944 159943 173628 181704 190268 195598 200651 200892 222463 239487 239544 242798 260384 266268 283903 284429 291209 311586 316282 320485 350377 356109 380607 390032 393944 412182 413537 427334 430681 446708 457824 458431 485283 487671 494092 511762 528374 528996 540502 549582 564327 575846 598504 598725 600458 605581 614636 615841 635280 643953 662046 665198 674943 678219 683365 688435 691144 700391 714386 719296 727838 728637 762278 769327 769491 771222 785067 789566 796165 804792 837758 841851 846902 856049 866854 885969 904015 912943 924716 928186 959148 973879 989164 997591 

0 79


12226 46745 47854 58804 81455 94355 102002 104808 106644 108845 110080 113914 117607 132455 132526 168036 215363 223336 230744 235195 237914 253337 254418 266082 285532 288646 300947 354503 379291 399407 408096 418251 457411 463229 485448 506853 535371 550401 565092 574072 581934 605987 622749 636964 646872 654015 660010 664566 681985 697157 700311 725487 745728 758920 760976 766402 768855 777577 786381 788023 802535 807216 811904 822934 831141 841759 874965 880623 891080 896303 913628 918550 933181 941579 947967 956770 969001 973339 984856 

47 82
12192 12604 28512 77112 86724 97916 108759 138200 141738 164573 178393 187834 195088 203780 219403 268864 303182 310613 350202 366576 375140 429171 442021 455142 461837 464368 480561 484368 513340 521330 526469 544831 574064 614834 683987 693002 698221 702083 828940 829352 854198 867986 870152 885058 887926 888066 927661 

4679 5892 13256 14424 19719 30685 36010 66860 78259 82631 83030 93781 102649 104171 108513 132706 147105 170548 183494 189782 209721 212366 216314 221236 227936 236474 243084 263444 270259 283266 322834 328025 334131 350294 353891 359204 361076 368324 371551 372685 380435 385922 417379 461247 466286 507075 534208 557996 565297 602287 620447 640432 643968 657369 682009 689656 711696 720463 725993 730119 756806 761688 779916 790025 796740 797339 802861 836702 841780 858737 864881 869201 878866 923144 931858 936705 949580 955371 975596 988439 989015 996185 

37 94
68097 81421 82377 98061 176508 264583 271025 304535 311921 317569 374797 395255 422584 428895 437184 442507 444670 457117 500507 552881 593002 602341 629264 659711 659748 691307 708912 721116 765737 766274 772881 839157 877745 892872 909827 938280 941562 

1582 40695 42401 49859 52133 62722 63395 66622 84345 96095 98251 109099 110511 128073 131631 173147 174577 179364 180182 183464 198506 215745 220765 223539 238193 252962 265987 267924 281087 290668 299985 307006 307084 328960 338773 347988 350806 362639 404343 434918 435851 437190 439379 446483 479810 482801 486718 494097 495046 518631 542521 573419 588825 597748 602812 605981 620839 625615 647523 651340 653518 656792 656982 672853 679335 681347 705864 708481 709001 727152 727209 778199 781861 794739 803210 811247 813704 816727 816996 828463 838967 866254 870325 876341 898760 910146 941346 945903 947731 953053 960820 973878 980615 992249 

12 22
80764 93473 233414 296944 432934 465422 511398 593249 624716 637736 744218 790566 

57027 70119 181752 218313 252138 415875 437921 479222 528302 614607 659570 748856 755357 788813 800962 802727 805674 825507 865870 900945 928616 969693 

31 57
5271 20234 81309 113222 113855 156119 174070 180666 183375 188288 197070 243396 267920 296408 333718 375215 379896 388543 391939 410449 431328 487289 616059 633394 674742 779331 784613 800294 849769 853229 996675 

16853 47517 47782 86463 89960 103944 108703 145520 169909 196537 230802 254577 296908 309636 330215 348958 350078 373165 388460 390444 416021 445907 445914 451973 454719 458220 473240 476276 501304 517096 540743 549670 584287 598860 604509 613749 613926 634123 661727 677673 678483 692190 727653 733133 748633 796558 808621 809687 812787 856303 863860 893781 896714 920950 922667 927678 941122 

79 65
3535 5520 19075 68514 72670 74813 84886 101956 124209 132285 134330 151188 162272 168910 177199 182190 186216 198481 199378 209712 226836 233906 245624 246432 250756 258505 262164 283260 291818 307649 354142 367166 368004 368333 370989 373684 381584 395560 402364 403238 407470 417342 442535 444825 460339 471262 473654 475646 489308 494093 499248 502344 516910 544098 591988 606866 613715 617508 656327 660487 686002 698421 699532 708011 719121 739360 769384 775963 800867 808153 822521 852308 861588 867856 907336 934168 954621 963808 973727 

27776 52877 67394 89673 92494 107804 117937 146793 155688 161354 165708 167197 189381 200322 205009 214234 232701 243143 269978 283911 306415 313206 315061 321591 329394 335976 345977 372770 416782 420198 466624 492467 514991 517536 542370 544821 561714 597851 600832 633811 644434 662214 688301 697226 701114 722635 809579 832540 860370 865508 871796 876019 882505 893226 904467 928340 928449 945029 954634 957827 964936 970853 972856 973255 998190 

73 32
7011 121215 162429 164542 182683 189520 238320 243780 246642 258149 267372 288622 291953 292489 299118 304069 317121 318901 319409 332661 342630 347641 349184 364189 394219 407329 426290 453461 470302 480661 481830 482234 521070 525779 539898 546185 556438 574659 599854 613755 627658 637657 681781 702615 709095 736597 741665 742385 751080 778348 782310 784996 794355 800448 809801 812656 812911 818625 820295 851420 854371 861945 866961 867086 892100 910191 917686 946062 951538 958083 960306 985955 996710 

163 38878 118245 123555 180251 254991 323245 385531 393831 409343 430178 474093 481584 485717 575640 626261 640776 666136 710610 720167 748988 768543 780249 782261 788349 809725 858755 872304 949359 953093 990644 999109 

0 27


138047 246820 300330 314897 349095 405209 426482 426856 442458 475183 481476 486847 518098 551722 554485 616469 683856 696066 716823 729040 750342 798157 810684 847908 878409 917905 972396 

31 60
46928 82276 106794 108979 143112 145879 186457 201528 239464 296546 315986 319663 329541 349144 400176 435500 455091 466992 559776 563512 656027 724251 781982 817719 863724 873808 876193 886810 934102 937127 994049 

49230 51487 72339 73006 79024 104014 123400 125789 156238 204142 228324 234370 242030 258821 335247 335965 342485 348160 357841 361052 365309 379805 405920 408135 409455 413799 426950 455616 460496 474097 484605 541452 554161 566074 569640 577483 592862 614698 619501 704363 722625 729160 791237 807731 813670 832675 840307 845104 885143 887850 934629 940475 950905 957182 960533 961578 967914 970533 972731 989249 

39 53
43668 65290 69124 73266 113509 120992 153813 188347 190661 229578 241373 316071 322316 458311 480585 495393 508330 534343 548778 566981 570945 612892 621219 649454 673744 700236 703193 737241 747290 768287 770289 791195 795157 814874 870163 876365 891562 899330 934271 

3338 21874 30012 39394 39670 39906 46955 61149 65260 75397 107449 119711 151667 170464 178711 178783 180478 187754 200748 210518 220604 242014 262601 291270 328424 401162 447807 450745 452571 461777 467694 498308 534814 605497 628181 664666 666037 676599 681758 750633 759306 773523 779085 781892 801507 802102 811397 829045 847691 882418 908716 967126 998157 

53 53
439 8519 47813 59793 76066 76127 105259 111412 119768 124824 135298 138495 168508 211434 217108 228179 239732 288036 293259 323537 324453 375324 385373 406367 431860 438859 449577 451341 508768 516492 527050 564131 577073 591815 592504 611417 633784 636376 637218 660856 676165 683051 740003 758668 767190 767317 780460 838262 902637 916463 963220 987245 988738 

6350 25739 35229 35380 38839 65798 92071 153741 171223 202862 225370 232551 233758 250119 357040 385651 398324 409529 452237 460976 461987 470149 475253 494497 513719 516444 537457 573358 574826 602419 612420 612649 613845 617414 624933 630072 637036 638164 676919 678418 711143 745237 754601 766401 774234 812665 817834 818140 827998 852910 860572 907150 937021 

19 60
20670 126531 163264 174617 191448 196801 198871 322058 341851 432442 450400 537933 561491 589725 658484 771259 820583 831128 910471 

24192 105971 106256 136826 151387 156345 156465 166445 220009 222880 225140 269256 279110 311774 322571 346683 364588 385716 386419 400401 411482 433781 445748 448196 480342 499197 506473 542998 556304 562670 565758 578990 583567 584203 602342 628534 643801 653725 655106 658561 665848 717328 719942 723676 761417 774764 839025 847960 857575 875579 894805 895343 909902 940645 941154 966877 968060 974808 982239 982804 

40 46
25689 46302 91320 108408 121454 126130 160770 184420 185321 188321 293537 338043 342317 373458 381058 383229 383980 389029 409922 465170 466533 476257 494577 506286 544152 575624 604467 604625 626988 631767 746454 747675 756946 818273 820375 851523 861970 874934 945930 996750 

12495 17370 50373 112170 140617 201632 207237 214589 265706 271607 271966 273961 299449 306275 346274 349346 351799 357291 376403 379733 418477 432254 449807 491270 521624 536137 550928 561304 563763 565651 577197 695666 705625 742067 746983 775421 779516 780537 800561 892740 896128 949376 950753 970125 985524 998981 

49 67
47721 67604 67807 71078 84835 99024 122104 136093 136441 142090 149720 179554 203762 216020 230175 248030 256590 267150 282399 356228 372989 382471 406897 429826 447016 460300 474880 484485 514942 525949 539694 584080 652011 660004 669984 696079 698841 699623 746021 750460 756526 766804 767568 783277 832167 862302 935531 942682 975260 

8836 33988 39799 42258 66086 71341 89414 103218 103803 104247 112930 138773 144541 148671 157176 164132 183724 188316 205851 214379 240362 261450 266799 279061 280179 288977 295458 310748 312420 335915 344825 367288 395153 399564 413588 474467 510309 525234 531568 556254 589758 614332 651204 654194 665953 667281 690428 704715 715209 728561 747611 758633 795382 859792 861969 866509 870681 880387 886820 891605 908519 919511 929673 935199 938695 941125 968645 

46 95
11319 15941 22540 35353 64254 72393 98353 116220 116396 129034 155388 186090 200154 208672 255116 319801 333463 350440 367640 375304 399869 437113 478156 534597 534997 541912 579408 602559 619835 661204 720053 730758 741763 752460 759114 813391 839868 858892 864102 877012 937636 960647 961977 983066 984545 994375 

25680 25752 25770 27423 66819 78414 82650 87719 97614 101330 101991 105074 136900 137223 139878 145016 156518 170235 170926 177681 193240 193443 212903 217563 233406 239456 254962 274841 277536 322874 337504 337694 352362 359553 382484 417498 423553 426298 461364 464743 467810 475874 481813 486458 491795 498186 499146 508797 512734 513766 526613 535940 540866 563955 591024 591132 595769 601535 601924 605161 624474 659909 681245 681630 688698 700901 706871 709581 719576 721196 722865 723843 729342 735143 737844 757556 760916 776416 782424 789413 790446 790965 845474 850546 861643 901645 907769 918266 926444 929334 945665 976126 982271 988720 995726 

16 87
32670 55509 72413 210216 261891 296179 550365 647565 651456 662184 721408 780747 860084 881506 927294 988527 

51121 56520 58679 65713 75411 99648 109772 124537 144381 205191 207687 219092 222268 236898 239568 243441 246156 251242 267774 270802 295860 297578 304206 313030 315981 334191 377488 392724 418654 436112 441773 443701 449369 453625 454119 474155 475814 493216 497569 503032 504937 521744 542266 551468 572789 585781 587580 593728 601427 607370 610916 614188 632306 653795 657449 674532 682344 700053 721865 755705 761283 784845 790053 790347 804420 814087 826566 835260 849600 864139 869525 872497 878120 891533 891743 905291 915667 922624 925331 934472 937987 939621 943006 955600 974975 976686 980585 

42 92
12867 50453 99167 112708 115076 173522 175659 175922 188535 216305 232080 259374 271830 336068 337497 370359 370937 383227 390196 448580 468457 473946 491776 501114 503673 542910 573343 675436 679150 720811 741433 746145 749816 823442 842869 890094 935845 940119 963916 973120 978996 990715 

15394 19506 42914 48366 53818 59959 67344 70738 85687 91607 113455 114524 122026 131454 137401 138301 151108 157021 160223 183389 184185 184915 220421 220600 238996 256346 263990 271267 298300 313169 317595 321437 327420 327862 333658 343935 348564 395887 402215 423488 429506 436816 448931 451026 460959 481803 492419 503341 507821 509755 515738 520002 544925 557129 558743 561142 569718 572290 586364 600241 618115 623245 638313 651102 654171 657934 685616 703542 724085 728379 734143 756643 764151 766679 780173 799244 812918 815439 823630 843019 852955 853987 868031 869442 876445 886621 917600 919529 938844 958272 971029 992323 

84 68
10298 22889 23949 50641 72389 78001 80596 80838 92305 93646 110703 115600 116013 124225 129358 151416 169198 172506 196771 213434 245164 251539 273125 301703 342711 357849 361876 368578 377959 380474 384671 385656 423223 424385 437342 446165 448627 488125 530463 544835 550696 556586 560182 566523 566585 571450 578767 585515 625094 626996 652817 653575 659517 664345 667077 667538 677724 700725 707323 726856 735419 735986 753491 795687 796551 810511 822515 826228 832525 841030 845290 852599 873366 886447 890881 897041 899150 910875 924536 926690 927341 943959 959655 981522 

6216 13467 13735 19513 23036 35158 45349 54057 57591 58261 66142 71328 82807 85707 88353 130983 131586 141785 192563 203059 225912 268365 271255 302604 325135 356474 366987 378865 381896 394011 394936 412086 420215 420668 426007 432398 444012 469688 485439 510207 553005 588526 614513 632632 645420 669477 707596 734354 745338 751494 782871 784579 790904 807508 819240 833122 858720 870875 897623 900861 909949 921457 923210 924523 948288 968096 988050 998208 

31 72
8344 84109 89236 122364 123807 133586 325340 412032 437319 451871 460007 475690 505399 518673 551199 562871 582373 643235 698830 702809 743258 772656 893496 896783 920178 934892 935360 936344 941130 947064 960139 

7590 11016 21645 56857 61132 71986 76798 94902 132658 136802 165559 168647 170157 177872 196384 202680 204578 206310 229743 247621 263666 331248 387451 395934 414668 415404 420089 432578 441909 443033 453936 463326 477101 493879 503172 505053 506913 516957 517040 554412 564428 567193 575640 577522 602436 605025 625297 638285 650829 651889 690807 709551 728509 748516 756772 758581 801255 808343 830509 832714 844050 850991 896974 903178 913599 916281 919345 925695 941846 959823 976690 981035 

100 91
2060 21630 24622 25208 30244 34396 35138 67410 92761 95389 97451 121178 147861 177128 180263 209300 214788 227994 245765 273614 301799 335718 340262 341820 384782 398589 417739 433147 438427 441658 454844 461460 464433 468509 475564 481049 482322 487843 493689 495046 499140 499725 500417 518871 521262 524675 548641 555010 567981 581884 582476 589256 591643 595072 604349 608510 613973 628153 629596 632348 636516 654015 658301 672284 678812 681846 686430 694316 703952 712822 737226 739622 749688 753009 767987 768780 769353 773477 775004 780228 782953 790257 793521 812301 813226 825475 841379 862387 879386 898615 901692 905371 911523 918404 943764 951010 961241 969059 976603 998406 

42908 43025 53763 74327 83302 85691 106851 126559 135040 138932 149396 156157 172348 209672 210152 213740 223373 224834 224897 239210 241750 242481 258154 272269 276157 279152 283955 291254 312366 314425 315768 356499 374141 394646 402914 409919 413496 416304 416344 449001 471127 474511 476085 483628 485253 485515 513672 522171 534564 557450 561791 577860 588569 616138 621149 621303 648011 650915 655168 685216 695251 717836 744049 744335 758624 759004 765519 805220 818568 822257 829691 831415 838112 838547 847640 847724 857916 878205 884318 893302 901505 924015 927716 939680 941645 944283 967989 970716 975452 975545 985898 

13 21
69426 80679 206000 272208 303195 373221 381422 530468 542084 575794 738837 783646 836354 

3132 91597 163895 179588 330267 390115 411037 425087 428215 540905 544510 569489 625759 754676 797595 846909 960651 966753 975171 986185 989444 

89 92
12959 33667 43328 43971 49278 50623 53050 65032 107848 138076 157601 165754 169912 179138 195505 218109 219315 228817 245733 252304 289486 290775 333163 346319 347822 371280 403612 419523 421586 422076 424469 448150 452321 470942 473353 476277 482345 508507 511386 511870 534089 548147 561370 605517 609348 614932 621519 621736 656431 668741 682377 685280 699972 710952 711352 714208 718105 725837 739047 739519 747767 749097 754396 774996 781545 782578 783240 787514 795056 797839 841344 841527 848162 848627 850228 854128 874781 896348 914091 917720 926998 932659 943037 944555 948461 950588 975487 985475 992477 

7216 12783 35522 35548 38660 46261 61544 62779 73674 86185 90693 92138 95076 97332 100079 121032 130086 150607 176829 178122 182089 189230 234050 253144 264603 275890 288092 293243 303400 329953 340678 346263 348054 351602 355947 368915 392182 398339 400785 409347 412733 458132 467335 471158 506021 509171 532854 546660 564163 567641 581480 599619 606590 630865 632189 636215 656413 657063 709885 711638 712387 735834 753688 767807 772766 785576 796931 801320 813403 818034 820266 826695 827057 831486 840407 883482 883959 886644 887876 905201 930133 934523 935240 939876 940576 947965 962973 974579 982470 983144 987955 988592 

63 6
36893 46050 59565 70477 84100 86345 95672 125522 157281 166622 173468 177885 181204 208059 208958 219891 233493 263947 275000 283837 310961 323824 402018 405902 408685 426635 434338 439693 448612 451375 500693 503995 510324 511914 530868 539877 567966 595128 645022 648619 674189 682065 722752 769853 775912 786179 803118 836480 838996 845030 863336 864445 879540 881426 920702 924743 929544 931083 939241 940705 954119 966402 998476 

73600 165316 513644 694547 952488 953698 

73 74
7819 20427 29094 29259 37587 55514 61249 74455 116071 120692 134693 180120 183677 186549 197475 222720 248425 255608 257547 263948 283081 285160 292281 300343 321061 321881 327376 336269 340394 343696 351183 352819 355039 391854 394528 397609 417354 444798 479354 481108 523744 524044 532281 543465 553382 559829 584702 603557 644736 714471 721139 730233 732221 732253 736908 777163 785680 789419 798989 827858 847415 858841 902794 904922 913950 939009 939105 944238 952855 971913 988620 995591 996347 

29525 39547 40630 41330 59148 60948 63538 85516 115921 131101 146739 151122 182154 189500 191935 220515 233971 234472 235944 242256 296517 297780 313376 313837 313901 334998 339945 349442 349806 369071 405837 423613 447769 468491 494328 499640 502142 513000 568817 571119 584667 592430 599545 609247 632311 643343 684384 701208 706238 760096 760176 764733 767884 777569 790358 796800 807233 811998 816580 817587 827701 858580 863880 890039 895575 897329 909273 919733 930410 934331 954534 955696 963778 972841 

74 39
5341 10260 10803 24347 25132 41346 65162 77851 93874 99970 106813 108188 126948 157439 176231 179383 199070 224232 224678 247533 250939 258585 265538 278190 286532 324178 359610 404875 433574 456523 462004 466427 470490 513807 535905 551962 580847 596675 600435 601126 602082 604729 618081 652206 656218 668739 675292 681319 686829 693605 698657 715380 719544 733771 769612 785222 786434 794274 834146 843727 848279 848465 852664 861312 898357 899354 913546 918867 930562 933249 937938 958422 967398 991403 

14861 25743 40082 63600 70809 91862 114290 139136 159404 174930 204852 208903 294861 321045 321628 325564 333448 370795 388641 430280 513043 541349 550280 598111 636694 640605 672568 708302 724584 776175 811738 835738 852464 857635 914081 952142 955406 956704 982249 

41 14
18907 23406 89869 91263 132419 145937 190282 276437 286333 428832 463399 478276 481074 484171 493150 503895 538279 557099 594077 597181 612557 623336 687254 706216 709074 720669 728987 748653 763639 767233 780625 781828 816605 841427 845627 851422 860246 878753 905011 907357 910250 

189201 204551 212936 320977 333769 345990 499719 518983 520039 642108 704761 771183 846856 981900 

36 60
31765 40673 45666 89704 101898 107725 114413 153341 185183 191406 208758 243505 285621 403494 423894 451373 453023 472261 500680 504556 520670 595156 604105 605785 645555 696824 739151 742187 756470 787706 805962 869834 911687 935898 950741 988221 

5663 25266 38674 40489 44960 48654 65252 80324 80814 105520 107984 119797 127406 130748 131778 147071 147462 156401 175350 200535 211628 245095 259224 261543 264126 290375 294387 337366 348848 365725 376391 394699 402516 405443 453304 521850 540556 571812 578051 600271 617229 655087 664810 673485 691891 713019 720779 754017 776604 784609 785089 800272 827091 875347 885557 895444 907741 917509 918856 958751 

99 46
6360 25946 28567 38171 46456 57417 78246 88804 93066 94098 94273 104805 111476 123845 141762 145251 147855 148105 157780 166094 171872 181477 209116 224558 228879 244360 260597 264697 289307 292260 297356 324445 327088 330108 331857 333993 336768 337181 339537 340108 357599 364297 366479 375698 378732 382712 387308 395514 402934 414848 430332 441840 457489 458946 465053 498979 510289 520174 521556 524138 527647 573168 596440 602865 639844 692260 696291 719699 741361 745045 745485 766691 771266 777858 792081 799675 804084 806702 809105 809975 814215 835420 850682 858151 863700 870043 891558 921376 922493 923684 928510 950476 955106 970105 982070 983728 985845 993083 999363 

6895 27524 39554 40494 69175 73185 98885 136898 138066 164651 196192 201918 207767 220621 247360 285308 349584 354846 395496 416660 427562 527746 576525 586005 589785 597631 607737 621798 624910 630253 637833 678408 680170 688285 697113 757452 762833 771916 783144 819287 829152 855081 897963 931913 941705 944098 

5 80
59629 156525 347258 619770 835892 

15205 35414 66480 68920 86894 95701 101279 136465 142622 175714 225545 249971 252865 257422 268717 270187 290476 292242 309707 332733 335117 346020 347012 353899 369884 374694 406373 406989 410250 412759 424222 430247 433282 454739 464549 473804 475344 484138 529657 536745 538111 540601 547559 561219 572749 574225 581776 591945 594737 604369 609408 609815 609948 616871 624358 646342 671650 685342 695872 699813 705574 712833 759148 772419 795239 829259 838107 852576 857495 864165 876445 892718 898879 906099 907015 907492 912695 913903 941480 987969 

6 58
85613 262428 299372 460245 583652 817390 

31403 43009 57633 68442 71732 139851 152036 168501 199617 210264 215495 222785 228120 248332 261553 268336 287323 291358 291833 304631 313444 322417 359681 420156 453114 459625 466985 485696 491834 506243 509584 548117 560612 592607 597229 603106 608129 622010 630077 650596 693162 698701 728087 741784 743069 764076 800145 820764 821646 852223 919111 919227 924132 930165 934243 971841 980687 990093 

98 16
682 4714 29008 34784 37073 40437 43708 51600 64274 89604 100686 104048 105870 113987 121379 134713 138599 195667 201188 214408 224133 259966 270000 272674 279344 288018 290649 298440 298533 311824 339145 348508 370702 380043 395258 403551 412436 425433 436349 439508 440529 451947 474036 474353 479356 493098 494985 525626 537251 538717 541029 557697 570841 605819 618594 620198 622346 635534 636502 641347 652822 655424 661664 677693 681900 696531 697723 716464 724210 728948 747152 782191 783646 785394 796186 803526 809266 812811 813644 821211 827126 834517 861674 866290 871961 886089 901052 919572 929814 943708 951785 962013 974358 974739 979490 992914 994276 996636 

242297 269270 332294 341684 400316 438424 499182 502876 516129 524786 630940 636656 782168 821924 879735 889414 

18 2
25326 30487 137265 147194 230344 259373 286649 301982 313467 383623 395125 502704 586140 750545 828224 926000 947487 995042 

617710 893720 

72 20
21323 25223 27000 57823 73760 80802 96709 140156 145609 156280 176665 199746 208435 209315 219678 234596 253393 297139 304646 360415 362693 420192 420301 423590 431891 447101 463723 469787 478057 478578 484939 519622 519757 523009 538148 540069 556905 603800 636599 640577 644441 654159 669536 670329 692641 693027 699583 701030 707405 717028 728244 745063 746867 760705 764856 783713 797260 811239 818175 843685 858425 874121 885657 889608 893403 920267 926709 932736 953385 968747 994346 997205 

92292 138659 219221 224408 255399 306703 376051 436339 609734 671702 689023 742624 767838 770307 789808 848654 909481 909971 932127 985310 

81 69
4227 25441 54767 65518 77979 82771 89778 107271 110747 114875 123212 123774 132972 137819 152863 158574 158656 165142 199338 202448 219413 225637 228581 256201 290304 304014 309269 311937 337971 338653 345000 348345 350890 379588 381898 390164 402996 403364 408423 441469 450412 450840 456653 469310 489503 500025 502175 552845 577629 585474 593939 611221 616293 632748 642967 651064 655569 661248 663016 670334 679399 683920 687229 697634 706322 712201 772893 779880 813741 814889 820040 834494 848029 852901 876267 904450 963497 971953 975105 986112 991755 

1932 13756 20926 33473 55861 56603 80626 92431 98817 131782 134324 141436 150605 164152 177820 181746 183953 189248 201017 204377 211992 217869 238352 238371 248979 292265 299612 312922 375792 387977 391071 403046 418379 422354 448188 508016 511161 522112 529968 545088 572502 572509 583803 625515 640540 679793 698963 703462 715341 729272 738320 740234 767395 799229 804299 807971 809156 822747 829739 845619 848016 857226 873412 883449 884338 892957 965645 989777 999354 

15 75
230058 320877 349095 417494 436117 463617 631763 670996 741850 747274 780170 806905 873985 924147 988676 

4926 19902 45089 54668 64705 70091 70573 70598 71064 72489 97542 99037 113229 142529 212847 218680 247841 257366 264903 272486 284255 291811 296253 310925 332508 337137 341685 367105 410563 411782 415644 438890 448671 470318 472782 488147 496818 507974 508346 538257 548602 551696 566222 578536 586543 600152 607935 622092 652380 654672 674549 682263 688262 706357 709884 731883 750786 757788 792523 840465 842243 858453 873110 879461 881834 907451 917164 924988 935359 948601 949344 954205 985692 994621 997926 

77 86
20809 27460 39582 39718 43874 58226 64914 69639 86242 90739 133252 154576 198029 200056 206753 217431 219444 232929 251101 256147 280388 295044 308291 337590 347013 368586 371609 372665 377307 404333 417157 419039 436044 446388 453687 460038 466495 476438 522914 563965 570917 582573 589444 611387 615521 619073 629266 647464 652538 686530 702874 718123 718569 725723 735576 737253 741060 750107 765986 766370 811028 811293 826431 832500 864891 888653 893752 896990 898394 906305 926808 940107 956474 979839 988961 993810 999618 

18579 21997 43689 44257 96603 98207 101014 110989 112302 118122 136089 136442 150678 174173 198532 205155 266907 279655 292430 293039 307446 314281 316795 321455 326369 333687 336057 366275 389950 391330 401475 418079 420734 428216 439721 450185 451535 470615 472027 500177 551030 559084 561626 573463 600575 610246 643147 656130 659427 679255 683207 686131 738845 741132 764149 765799 767425 767495 781132 806944 807270 835738 843824 851584 855408 868764 870899 874480 878847 896450 898449 900590 906468 910810 913140 914366 920366 936502 937115 943533 949374 962125 967984 975784 987449 999503 

26 76
15695 54590 109164 128432 162280 204478 205525 250479 435286 517206 538876 600714 652850 712700 723244 754831 766606 767076 788302 804654 837128 933904 945196 972608 986604 994176 

11587 15810 74445 74509 77749 82189 114028 126469 136065 143300 162450 201709 202104 264012 265247 274469 308485 322885 323165 326001 342492 372799 388768 397015 409943 411425 436656 447118 460796 466564 482917 484494 514735 518315 530797 543647 567433 581227 583572 593275 596715 597792 602022 618896 622232 649083 653177 657632 686804 696226 722297 722562 732573 748261 762770 763192 767733 798907 800053 809089 814447 816760 819917 820754 825641 840368 857312 873779 895255 896894 898999 915193 936458 963567 970143 997036 

76 71
1386 38297 56154 96911 97117 98196 134504 219541 243006 257783 277567 281579 291165 314743 331714 337577 338665 346474 346754 348859 359202 368838 370126 374054 398324 405895 408204 408997 411265 421579 424038 436370 444509 446555 462135 475113 475348 483967 488055 491719 501794 540477 553538 565057 586718 612683 618805 632247 642550 666577 672551 690962 715218 723502 737921 756455 769921 802465 817268 819165 855575 861280 862339 863622 873830 876496 877015 936174 942844 948471 948965 950278 982330 983265 987872 988430 

4312 25892 68348 74671 76084 77658 98630 126841 134610 149855 157652 159295 168692 205520 208922 244072 251215 253230 254940 263740 302317 304295 329833 335720 354366 359360 376935 383657 406641 409475 429180 429418 444389 449081 488991 504160 514110 516520 529392 567452 573558 585651 599816 624699 639356 643305 647035 648024 660122 667288 673113 675560 710001 716695 726500 771185 779190 782545 816672 822075 831785 836036 847142 865639 866534 893388 922628 961406 962423 977221 986808 

66 48
4693 39276 56297 110884 119632 123629 132447 138743 143158 144165 158453 176649 239070 252824 255996 261936 267876 276483 291725 293293 297689 344219 352646 365565 374661 423888 468546 482543 499935 501423 506861 516062 525941 543449 563822 583819 616573 617746 622937 634396 688491 702832 705695 712657 721515 734541 738875 743386 761452 795208 806722 813075 818498 843915 850345 850463 855254 882076 882250 883695 891121 916647 935928 939649 945822 963504 

5403 9009 43783 44837 88039 91814 105458 146252 181714 183635 187102 195956 253317 259877 324546 327962 333332 343048 385767 386561 393579 424553 445401 452172 457862 462803 487176 529196 571116 584716 708802 714879 732644 780798 815653 821177 835140 851248 864830 901442 905732 908057 922225 945466 972958 977515 992518 995134 

67 101
3319 6993 23709 28067 29423 38151 56555 92493 99690 118377 123103 130676 154962 165151 220655 245018 257687 280030 288272 288714 293451 293558 300408 304033 304974 333267 356374 378073 409333 422415 426428 448391 453271 453294 553631 569594 576087 596371 624148 630654 630760 636090 643107 678579 698108 704638 708265 708612 718532 720778 724124 790917 791490 800211 802298 832043 850228 851614 854236 887564 925218 931144 940610 948080 962378 976867 997691 

12561 14030 14660 25984 37581 52774 74782 76585 102989 112856 150225 190892 198919 205736 212703 221482 232563 234651 239421 246057 255534 272334 273491 282044 295928 301153 307580 312151 348934 367093 367522 370856 396015 399116 399659 402494 416995 422167 424632 438610 441300 463184 470877 476721 494101 500873 502680 503024 503178 521471 522792 525626 530796 539260 542520 566854 567295 567765 575222 577564 586232 597537 600777 602376 607854 623631 629127 630337 645109 684711 689664 719212 719329 720041 720072 748635 750783 756709 764330 765341 774334 782747 790117 792663 794718 825276 830374 833888 845270 855313 856441 870517 886044 909959 943418 945177 971006 974700 981036 994560 999049 

57 89
43848 45742 53853 93688 103310 105675 113680 128468 144988 151241 187589 204053 208882 232862 236571 249980 272999 305753 321738 337681 339468 341745 344845 392814 413099 417742 428036 435592 462022 478003 511815 516640 520594 522882 544610 565330 568255 607776 661742 678078 705629 712319 714195 720428 724194 788092 791456 795752 798465 802922 804175 805649 811058 854406 869380 878093 946009 

7521 12738 19931 20502 25696 41274 51451 51721 81393 83045 107801 128238 132753 133678 134147 144038 148828 176743 188036 196890 203838 218013 225830 272060 277174 291506 305371 310119 354042 367533 370251 373947 375259 388907 396042 401069 410063 411056 423264 451982 467089 476833 476834 510325 520363 524080 526409 526474 535333 541895 544434 549407 549912 554064 558650 561598 568138 572098 592326 611474 622603 639444 646448 659113 673134 681263 712319 731859 733708 748139 759324 764062 781332 789797 794519 795951 810280 815589 853815 862765 888813 893391 942686 955175 962813 968408 979066 987161 995537 

21 23
52102 115025 182637 204754 239066 296811 325275 340542 366158 402864 531017 545353 602220 649774 653240 722344 730526 774980 824502 830924 997656 

56106 62774 146824 187072 257237 273917 275556 324318 374991 387545 410283 416286 453340 471240 475472 542294 557407 628160 674270 714794 722158 812408 877823 

96 77
25078 26388 27996 35224 51241 69326 74433 82698 88812 93988 94686 97161 97423 102823 105545 112737 150376 169911 170358 171567 172966 208896 215874 216771 224795 228815 232371 259310 281842 285811 296618 298920 303441 308213 308527 317208 323501 338554 349111 354067 354637 364911 388768 390739 396744 405380 436473 452159 453876 454872 463284 469663 474179 475396 477606 487058 493764 546272 554019 554206 558636 567983 573700 581207 604310 614201 637737 651885 659625 660592 669970 687257 702746 703094 707588 738047 744685 748110 755016 766186 772900 791391 792347 794086 796032 858665 860085 860487 877673 906442 924653 925041 937983 943077 945488 957359 

22022 24603 52519 67143 112030 123422 123813 124062 142322 147996 148114 148275 165547 170760 177922 196783 197125 203673 220994 242852 245251 284592 294372 326102 334259 334979 336999 342705 344229 347491 347734 351332 382654 412307 429783 437931 446848 449194 451025 454578 455580 480696 502871 513537 521426 522519 525621 538517 542211 542431 560991 602084 613092 614322 645909 650611 655428 692429 709293 731085 791239 813986 841409 857255 859924 907524 912239 915262 919670 927017 932511 933037 952310 955993 960627 971724 990707 

6 56
73808 158570 219992 357084 620329 630141 

23639 30480 79822 87012 91821 100182 123161 126538 159799 168739 171565 171627 186713 213757 235293 253419 282622 290336 316440 329204 339969 374249 382243 399201 406695 415073 438310 458726 463370 472451 480672 516036 523209 536251 542404 543940 548680 565087 569268 579715 699075 699719 704306 745347 781041 795606 823211 872983 881070 904884 920013 956907 959609 967076 975896 977318 

90 6
25686 29537 34652 48762 54973 55919 63395 88061 97333 107806 113264 118446 129500 137787 162002 173473 181551 185174 185318 207534 213901 233547 244462 261362 281205 294449 299685 303387 306720 318107 329481 333037 334185 344600 351861 361218 370878 373159 390272 414687 464425 468854 469577 473442 476481 490744 509398 518483 550221 560258 584698 598090 601701 602470 604337 650258 653251 655244 681173 683719 691740 693400 702396 703678 739292 749647 756219 765019 780684 783380 789562 789763 797942 799834 823776 824515 826259 827870 833436 846200 876930 883428 892223 912696 925080 926697 959052 960886 988790 990529 

66644 365580 386803 422949 703610 773929 

33 95
9153 70137 139787 206158 211964 224913 299037 327747 364765 372878 437599 441983 455528 502925 503903 508447 521191 533732 541980 547092 576454 600595 627084 651133 655397 709450 734875 742472 816169 852835 872105 975804 980231 

8168 8712 17445 46531 46689 53950 62137 65560 71047 85791 97308 99148 104459 134668 144919 181948 208397 213201 220807 229698 244035 248420 253414 265014 266819 276084 276620 281575 284616 312072 335351 339098 341297 382505 390781 390953 405582 448718 456154 458850 465429 495666 507948 513694 514266 516536 518032 557349 560523 561998 584137 584192 585191 603886 604763 620805 636588 640884 641267 643094 647261 661447 665860 683986 699138 737339 737350 739420 741248 764482 781045 782087 805437 825566 835733 839718 851269 853649 855503 858668 861459 865900 871347 890278 893484 912885 944771 948477 952303 967176 978403 979554 992119 993996 998358 

11 96
39821 49444 365193 384925 387893 448032 544505 614979 642477 837345 966093 

4871 9541 18528 33653 54153 55739 59690 66320 86187 105691 116375 119191 121178 128525 133135 144149 144789 156958 163506 171034 211940 223780 227520 235133 239225 248716 258842 260626 268216 274966 283145 285402 292034 325940 338017 345353 354581 355325 403115 413309 429584 446169 450633 451668 477082 489227 503423 517422 546449 549411 562706 572706 574321 576125 590048 592452 594763 600251 610251 616897 631546 659268 660831 664481 730273 738502 738617 746258 761511 764907 780892 801113 817408 818692 819574 825980 836555 836616 845075 845525 846527 855218 870811 875732 894015 897262 900940 901585 908540 924089 927162 938320 946432 955817 970816 980366 

95 85
34455 39743 43860 56835 78646 85345 98119 107298 112410 118790 130636 131157 132890 133813 159756 168535 207506 226094 240390 242822 267999 274255 283976 284072 287848 339181 341737 350576 351855 370033 370561 391019 400587 403934 406970 447639 458027 460662 462551 479682 488080 495427 506778 513387 520293 529378 530671 536608 553335 577160 588317 600121 601888 610858 617008 625299 630399 639926 642617 648131 648901 649184 680548 708629 722028 732766 740339 740393 761054 769020 781025 781083 792539 830133 831823 832201 841826 843432 855444 856634 865837 875193 883951 885003 889472 890898 899155 899815 906594 949347 963038 979449 990588 993721 998423 

14750 15916 28686 44352 55562 67858 103068 108656 133414 149941 158404 172890 178245 179317 206995 254343 271136 275680 283798 302958 305991 306640 307521 320624 323935 324695 328106 338882 344415 345005 351974 363696 394230 396322 400198 414323 427069 429859 430005 436989 437771 455503 462156 463141 481255 482843 513963 522674 522745 565922 568334 582470 595744 598774 609053 619865 639448 641556 670006 692032 712048 717380 732892 742084 748246 766277 785779 809822 819400 842895 844213 868534 869145 870115 884612 885848 903961 913586 917309 951455 960742 973532 984294 986534 998006 

43 96
59140 102628 107944 113702 115145 198621 210326 232184 264345 329223 334143 346808 356945 356966 371624 448514 472244 475018 484639 486096 494877 500380 549961 559277 561966 575314 606397 632018 636537 637348 722599 759931 775080 800611 835566 883753 890380 912491 919239 926347 928391 967305 989307 

15893 30008 35130 38394 44070 47439 61423 61927 62302 66972 93734 100433 128879 137495 144129 145066 173266 187994 213597 227737 231142 233813 244636 251074 269588 272260 277554 300157 310808 311086 317792 319176 334248 369212 377379 380341 383503 393737 395628 413934 423775 460428 462618 470909 487066 509047 509651 522390 532751 536718 544555 568139 573681 574352 582862 587616 591967 598348 605616 607323 620441 645908 656553 660668 667106 675836 681976 691581 708934 717151 758172 774823 796214 807997 822999 826528 829146 849226 863796 868468 876586 876910 888632 902007 910429 916912 921291 957400 958167 963029 964330 966666 977194 985053 990606 995543 

39 84
45444 61353 66746 74214 75558 174166 216432 231078 236477 278554 315079 315098 324929 364135 373410 411455 412381 413747 423784 512491 581328 597686 691947 711048 729205 733480 735076 737820 743230 760801 763680 773781 817905 867994 883275 888259 944034 949302 949478 

26344 46310 70105 83139 92243 97927 104384 110165 130388 136586 136698 153740 186112 188464 194946 203437 214623 231508 232199 244092 259720 273713 283696 305072 307757 307897 315624 326913 330932 336706 338783 344532 346996 370723 399744 415225 418784 433731 438546 453844 469695 470949 485202 489027 491876 492925 497754 502436 545490 580640 621234 642355 649029 669733 673035 695247 706390 735097 748113 766388 770556 776166 793142 802266 815099 826156 831909 838756 839635 849012 858918 865188 872447 891516 896990 904179 918330 927267 928405 933821 936799 976396 981367 990734 

81 60
16416 30517 49706 51461 63434 66301 75278 79278 137227 138305 150508 157325 182133 198459 204772 230047 262533 265702 271753 320341 343664 345534 366694 371368 376665 380464 386298 395083 426942 451606 506906 525987 538666 539038 539152 545652 545958 559051 574113 576447 583588 591622 600894 608568 621359 653029 657664 664048 670238 673022 698787 698853 699873 735546 750711 756498 772659 780647 792701 802594 843823 854827 871172 871281 885079 908697 920905 936131 939666 941311 949974 956633 962199 967103 976591 977622 979438 984815 988500 995197 999855 

17846 22287 34312 37974 42462 46322 49485 69453 81587 88538 100466 106239 116196 139342 199194 213001 213774 215694 223167 240231 258994 261829 265654 282424 287106 303601 305887 315832 320542 330767 343245 346793 355511 395796 396508 466725 491252 563256 580901 604179 660142 693378 705738 710074 723986 732449 761510 790109 809325 814897 832536 833039 937641 937991 938195 952169 971482 973153 980464 996078 

19 94
10370 11042 64982 187533 195393 196481 207549 241101 348469 380026 394132 548612 614960 647946 704734 761671 830227 918858 933936 

10036 14145 18567 49229 63465 67536 77776 88171 109382 141722 179526 182061 187927 202629 203956 204091 226984 232031 283520 285788 307470 311281 354130 360454 361473 381214 381755 424955 436561 445043 468235 476682 478026 479003 500652 508553 529934 532854 542856 545150 562693 579142 580749 582070 588035 595862 605772 618758 631710 641095 642807 644561 649364 656587 673131 687010 690749 713231 717861 719411 724919 727608 731821 749628 749702 754377 756281 777969 781068 784895 813489 817629 822951 826714 841021 842638 868563 870264 871113 871267 884474 888655 889803 895170 899727 901292 901819 907359 927332 943375 949243 966093 979433 999331 

52 49
1901 9808 28426 40063 110820 116634 137230 141811 153983 165475 178795 262231 270227 288336 289768 324002 332027 366655 372079 379210 384058 410996 449571 463420 486147 490530 513631 553164 594644 597654 610367 633524 638073 656985 664724 668181 671428 719360 734346 762296 797304 823530 837577 848914 902440 908876 910664 928746 929241 941136 945319 955552 

5481 11469 38596 54060 72158 91921 104582 116214 125503 149216 153092 166552 193555 195809 272445 292397 299738 310804 312205 355095 400436 473683 476062 538602 539559 549723 559568 576427 604205 606000 625115 683698 684776 725703 770230 777635 788655 791653 793145 818438 836720 850767 901662 932272 935880 965220 989458 994559 998718 

15 31
94488 130278 157834 164725 173156 187888 262565 447654 477923 872820 877350 909396 922895 928166 945489 

18878 22193 45183 107968 151502 178591 187575 231560 239259 248983 255546 273763 309908 321035 392551 410893 420770 441427 564871 588215 628313 636048 682393 742090 745064 780606 790658 805377 889985 897984 960603 

35 6
43431 45244 52883 60725 131057 149160 156978 169965 219215 227069 239788 250707 271270 271357 291221 291425 314017 341699 347881 359268 361892 377967 438550 451177 476433 511178 548132 592624 603541 853881 856448 869424 955636 972182 990387 

276848 436851 475335 720723 768978 885031 

33 100
8334 27724 49630 50969 50989 151459 206747 288121 299149 305572 343094 363203 388617 567337 578949 590125 627078 695434 704407 722392 733044 737709 747605 757465 797265 804428 807502 817709 898538 907144 924410 925417 959918 

27815 30522 55917 61413 62826 68606 82126 89678 93901 97304 141169 165759 178971 181085 194197 212785 225782 256771 263068 263682 274576 275570 286240 287590 300523 306808 307202 307339 319246 320482 331674 377596 389764 393803 401032 406240 413528 416333 436539 453556 467920 469918 474637 488959 491483 492436 493827 496802 497216 498267 500303 503461 506789 529206 537081 546974 548516 552263 560352 566422 574049 577522 589305 601886 611960 624691 641217 659332 675456 692225 726283 743796 750194 761267 762782 785909 796664 802747 816591 819390 823407 823695 835243 844027 860617 861669 872087 880579 885889 893635 898857 900690 912183 946873 949129 956138 979318 981326 996020 997763 

68 58
6504 16699 20745 72181 72218 79479 94838 95388 109348 121189 125686 145713 147612 149072 178015 195869 206875 219328 222240 240811 240992 241902 248673 248729 251463 298448 306481 325018 336536 340954 347184 349863 359332 384722 387169 392846 397943 412703 414436 472244 478782 510302 545629 548462 565335 572240 602900 698021 711493 712085 730033 754729 769097 782362 788715 800307 817655 850738 864127 868372 873803 898579 900042 914632 914812 918306 959878 988375 

1516 6726 19733 37425 40352 48360 57339 61174 70329 97185 132940 148439 174031 189902 223085 223269 259090 287403 299265 341500 357259 365344 373847 402783 404768 413865 418638 454986 491838 493906 516541 519747 554301 569838 590154 605648 615901 637428 656832 677440 735424 771204 786189 795209 810639 848474 869116 884041 891181 892975 895029 920348 952289 965682 967944 970217 976994 986555 

83 45
43588 47522 73829 73831 76300 103491 112393 115770 120640 121914 134613 139742 145400 154646 195185 197048 198003 218576 264889 267887 283997 300072 314146 331690 368603 371231 375894 376294 389574 394947 410643 423590 427780 438943 441009 459665 465126 483211 494424 500076 526533 531869 574591 581828 598900 621934 644054 651407 675158 691435 705628 728534 729299 734391 740149 749050 783452 807517 807857 808373 809727 821106 825261 842365 854419 865518 866897 869100 883974 893964 909309 909589 929681 934031 935653 950918 956833 961692 961770 967179 991370 995641 999838 

38017 40758 46154 67178 83809 129153 134854 151104 182392 199839 262553 375616 376516 379306 409459 412083 438822 518115 523485 527282 535134 541330 553148 580392 606309 666124 684916 694121 707101 721148 766353 768865 780049 813208 825837 830345 845959 886512 903137 909417 933123 934785 947625 961675 975817 

36 46
2044 7984 12883 67081 71230 117733 129015 152711 165852 169034 231567 240559 288193 333308 445392 454948 477143 498666 524623 529869 538489 573370 582956 660418 720232 729061 737234 745134 752052 752199 799096 822414 849213 909587 948962 966157 

93328 160998 161876 166738 190692 200381 212946 235708 325045 343044 346053 357888 359950 366182 397666 420137 423755 448781 491840 508594 509096 548189 550061 552328 580099 582599 607515 644181 646928 658635 715493 739011 758889 800389 803823 853709 872081 877181 902652 903591 909127 912536 919883 941443 965735 975434 

17 5
21002 166943 209946 219317 356555 363599 399724 402140 516653 614091 670697 693865 698752 709089 749411 774312 876677 

17227 126910 405504 669641 874756 

37 47
13704 30931 74952 116827 126958 127333 149814 151725 174032 193169 194808 202038 212349 248885 336129 367223 389143 438620 442641 462366 573396 604650 617705 669660 675652 676888 767421 776934 782219 825136 886338 890944 926964 928151 942854 991815 997725 

19087 21264 26298 41935 48833 93439 120467 144078 188181 231162 269652 302546 330174 337550 346612 353464 369880 378757 405621 416216 427279 429112 472552 485829 500760 524857 526973 531890 554491 564063 568589 583425 588759 636717 650282 699774 712123 799378 859777 865947 870977 873397 883073 930570 949728 953121 993829 

55 84
15694 27384 37593 45666 51741 73563 92881 96609 141966 146448 162760 163943 165782 171214 172075 173987 207323 210468 226465 235016 246563 288618 303362 315803 317654 367971 370650 382795 425453 429443 485041 488004 500229 559768 562582 564738 628358 634526 637277 667951 684797 719558 752277 753173 764809 771029 791867 822507 823747 858231 889897 926266 928057 955969 960959 

3624 27018 30639 41686 63176 66316 72637 76543 93275 108272 116482 116621 125697 143072 173265 203794 209653 243095 243329 294741 298171 306174 309047 326508 330903 332281 368392 404393 426508 439858 458237 490517 507530 516029 528465 539082 553074 570844 583734 594390 598634 607526 615530 628476 628974 655815 658165 666629 673303 675886 685787 697765 700214 724846 732354 733618 738632 747361 756370 758299 765594 779244 800741 802163 807764 811439 851824 875031 875515 879471 898022 914800 921526 939502 946383 946720 951848 958122 969369 980468 981736 988161 988873 993437 

47 32
8966 30503 37868 93633 102565 143157 169909 171616 203624 307300 320935 366181 368236 383403 396177 434476 468315 478363 551180 563440 574727 594334 623913 626327 656429 672406 679419 711688 714147 725887 729652 758508 773785 778968 821491 821897 822294 838581 840988 858702 886272 921891 924836 933174 938436 983170 988297 

37498 44545 60189 68884 109601 121528 124041 197216 218106 226892 274333 296456 313195 338613 373870 400267 421876 428578 449167 566219 580521 584509 636266 655805 682236 703296 773706 833601 878545 937394 966873 970367 

72 25
1789 1863 7633 11908 36685 59772 76701 91476 111257 121949 133538 148118 163089 172440 201555 204336 206164 217973 225159 242482 247183 252773 277187 307006 335262 337506 343489 356907 359593 380330 387704 422149 424440 437170 448299 449970 480129 501310 502833 507462 514210 533781 563164 576819 577306 590521 652955 670273 680449 694825 705433 709365 716375 718678 722539 722714 730011 737456 739854 752680 757431 819937 821351 837213 865128 871157 876281 896084 900481 939695 947125 964736 

111446 138599 259013 266756 278512 307657 324520 351585 426357 435993 494818 501066 503086 565094 589771 609616 650885 733809 734753 820357 828881 853970 897863 958767 967866 

70 64
5773 13010 31870 36279 44295 65402 70680 74211 76705 91306 134689 135087 140791 163153 171259 175667 192232 203368 220653 249292 254869 280399 294477 305945 314037 318221 345986 357038 389481 416137 422289 440910 475991 477605 483101 490840 496436 505579 535488 569638 592230 597128 600354 606122 658168 660666 682914 691340 700750 712246 731333 744863 745513 754504 771747 782267 783117 809467 821187 836087 837433 855880 856958 917167 920068 921427 948989 949430 964924 995431 

11796 36830 37632 69196 85854 96959 104170 108019 119698 120282 211810 213116 243712 324393 337372 346363 350259 352472 353239 408877 414069 415455 470731 472202 475460 481867 486575 497678 504188 508981 511841 555583 561196 611490 626663 664944 665419 692939 701927 710507 712428 717799 722061 735041 739596 741139 758341 764176 765910 786972 830318 832008 835878 882266 893399 895206 898415 900395 906859 921769 935590 980043 982135 994898 

61 42
6686 10701 56810 85995 102979 118815 141799 152031 153966 154005 193715 203889 212000 213482 213909 255845 281715 282775 333097 348151 349863 355514 364254 404365 417329 442367 471560 474132 492404 509993 563788 565093 583202 595815 607308 630546 631920 637101 648300 658838 686456 695161 696380 700573 706322 712607 753310 755181 765179 790500 806165 808752 822862 830369 832717 862353 885551 896917 951271 954726 995856 

755 17215 39948 48958 55098 62884 63980 80532 215403 279352 292215 298980 302045 320262 329665 332029 343949 360293 367014 398112 419667 420683 488684 489475 496065 568242 607817 612644 672862 716095 735882 740651 785908 811454 815519 822958 824336 835173 845178 858652 983262 986677 

21 61
102975 205294 247798 282671 367053 370627 396105 409256 474975 569788 583832 601092 632161 641610 659709 670448 695777 894076 895825 951638 965782 

14165 38053 92260 123342 124728 127863 149301 163568 166661 181331 195643 205660 206873 213476 239958 248569 313559 337057 350217 366801 376776 408137 435833 435868 468712 484539 515704 526798 534186 544804 585419 587825 597724 602920 617302 628044 639401 655660 669427 716742 717885 751982 761264 767951 783432 784301 822017 854450 874605 883676 901892 909096 912874 918951 923567 967871 976381 983297 990161 998712 999392 

35 25
55251 72045 147515 182551 194304 219798 227242 279759 287725 318181 344226 363093 382804 390682 393564 468743 481704 492283 496776 515945 518347 580530 620632 634109 728672 738953 750459 814388 814531 851021 896021 922876 931865 962142 999283 

14823 24820 48662 64608 65819 80252 97256 116357 139781 140132 164218 222843 243268 271839 324699 454101 627349 632335 699060 747032 780996 791293 848852 953938 986040 

78 60
9823 15948 35791 55020 55419 69493 81300 88848 105683 106434 121079 125530 157794 177919 191410 196209 196691 220090 235694 305750 336592 355455 358712 359877 362417 369175 386076 389255 391955 428375 458958 461437 463203 464604 465580 487456 491334 546774 548732 567308 573238 590820 597547 607767 624351 631010 646680 647079 661118 663071 670054 688143 695020 704667 704938 705566 710973 712917 717251 720754 738580 747107 772383 773337 774315 810499 817970 819028 824326 834389 841410 878887 879217 886644 902416 919909 923512 940204 

2364 4039 24877 50718 58315 67161 74348 77934 82599 83756 93850 96450 166234 191646 209817 232810 237552 278688 287512 290130 348158 386150 401192 437384 438706 460541 462146 485840 552491 567036 570066 574758 594648 609975 632905 641526 651473 663439 666527 671051 712246 716079 727963 729899 736002 736758 740069 755912 785469 791817 807778 827932 869053 878401 881596 911599 922625 937884 965968 998351 

76 11
13233 15589 16190 20809 25667 40095 48287 50204 51901 52444 62035 81270 88022 94524 103485 114542 116856 135687 154708 158972 160309 165375 167455 181310 192893 224413 227130 232997 250234 276571 283706 296834 300512 302869 342790 377945 385640 392591 405808 455582 478835 576431 584541 610511 615712 634858 647027 648984 660528 749213 752000 761979 767120 771897 791941 803373 805207 826372 850243 852785 854820 855839 866689 868767 880318 896704 913279 914705 924878 927119 929760 946357 960789 964190 969371 991888 

75620 212002 342225 373166 421711 520456 570484 633707 777187 780393 935584 

12 49
40576 117109 165322 334621 374537 473096 558485 761662 794562 849750 849958 970153 

1721 28936 32335 36450 37935 83692 168276 204275 263053 267360 267386 279862 286087 302496 314427 324596 342657 349220 396588 417821 450409 458472 483455 485780 497716 565007 571360 579032 579082 580943 583142 585481 619779 625169 661793 678409 688967 691993 692043 716795 720651 784086 792329 820952 835800 859836 928835 961082 975699 

96 50
36109 38753 41044 41878 50291 51570 53439 56953 61406 68169 71676 77049 86954 87522 117282 117925 123500 127663 129884 147991 173950 196479 201159 209613 223836 229966 237623 244829 304414 312441 313270 327081 338734 340341 344447 346173 349134 349144 350487 353878 355416 358778 367505 376880 387291 406323 410634 441453 445769 448127 462195 469215 484355 488539 529039 548942 549520 571545 578513 587140 598447 602999 615639 620103 625635 661639 671923 678313 681206 685464 688717 696604 697601 710648 711063 712788 731522 737760 762956 774460 775381 781342 783749 803150 825263 833377 853525 877897 887036 890188 902530 927565 936852 953109 959540 985628 

38438 38983 42532 44190 90867 100032 126569 133293 153843 166525 197121 222233 234706 240022 240174 282694 330734 331962 342503 381294 425578 445192 459964 484610 486638 488939 506926 531531 565346 577410 591883 599262 614246 619815 671305 679186 679678 709700 731526 734906 738642 758619 792216 813727 853114 874292 923974 942384 942992 947728 

92 80
26046 45748 82741 97247 98348 99990 110263 113750 122984 132476 143342 155511 159841 171574 211091 226770 238402 241918 246488 248267 275123 278796 280190 280580 286232 286305 288033 318034 325072 336714 338183 352292 358240 378928 382291 400947 403782 411085 412001 412944 415227 445994 455853 458730 468906 475945 493578 498743 500820 504276 551939 584613 591191 601629 606910 614303 622477 643965 653162 661980 664947 678421 700359 705868 769257 783283 804421 807995 811217 817252 822572 823660 824934 834524 856084 856271 857829 881120 885981 889589 895275 895521 910838 945581 952901 955766 957204 965111 972873 976732 982477 989743 

4589 43567 44377 44580 58617 76574 90800 97128 102598 107737 109509 114998 117949 126188 145074 146726 173928 180138 188626 239950 254641 267194 281179 283389 301857 308958 313940 329442 343181 377865 384831 390299 406589 414866 428916 431920 432318 435691 462928 495064 495992 502004 511668 513535 517411 517744 526772 564151 576122 609818 618329 634197 636600 650124 653458 654003 654048 675444 677110 682607 686401 694347 705651 711498 715833 734206 738330 748295 749234 759278 769920 849769 874693 886665 924052 939184 984172 985641 986303 989491 

47 62
3772 16947 41358 70442 108788 119117 146831 181077 217292 262902 273258 282006 327235 342811 374541 396485 405079 405398 406071 415424 417406 440281 461401 480008 497549 555039 567343 611233 612447 617352 626017 638067 666265 678340 690779 733763 734881 752778 775724 867997 871159 941596 945018 961510 963322 980307 982145 

22072 31562 35058 75194 86784 119478 147076 154455 159806 180553 184101 192706 208217 209932 229878 252731 283983 331849 349090 350239 380914 385236 403477 407255 428869 429370 443103 444765 462085 465654 523922 542336 545528 560457 568359 568419 598982 603222 632805 680511 696680 729000 735457 753398 767489 774207 778632 781526 823387 865749 874759 879216 890479 899043 901299 939253 957368 968524 973038 977699 987644 998836 

46 89
45659 60407 136994 139399 176075 181303 186855 261801 271417 279146 292585 332683 333004 347204 357994 372932 388221 396156 407434 408025 428615 433086 451075 468691 504375 512303 516887 579499 583607 597461 624309 624915 637247 642182 677344 701215 713826 722248 728467 731383 744829 745236 869355 908024 946908 973685 

37559 40611 41190 44916 57948 64243 67637 73232 76944 90211 95367 115668 125342 142962 155770 165342 193382 194055 212584 261218 277810 281865 305028 334864 353307 357697 386064 405307 406047 407453 417381 432282 444802 445691 445814 477044 480300 493402 500444 500634 504610 514176 514576 525562 530058 554953 557515 565343 580160 610082 624157 625533 632916 638029 638204 638894 643812 645734 646548 658878 662744 694008 716475 734584 735914 756338 757441 777449 781413 795498 797134 821821 831197 840471 844466 846833 851255 879081 897706 899386 904912 912273 914972 958216 967428 975886 976415 976644 998342 

12 73
201646 203914 234830 246924 330141 433220 583453 585536 677234 845454 896926 906923 

15607 16189 39019 39071 64442 70757 85026 124622 130053 153487 155435 155937 179555 210679 213422 235375 239527 243125 262105 273772 278798 344559 348244 349937 377074 387853 393290 396561 398937 409351 426893 478913 494182 496656 524230 557555 560144 564498 564803 567417 585053 586029 595766 623213 629969 630376 631748 638126 647457 654949 677426 680092 686218 702150 706570 791470 791654 819434 822211 833601 835836 835850 838668 858705 863319 894400 917819 920052 941033 958532 970559 975282 986779 

17 49
81279 110789 170284 221421 270307 299409 369720 407472 521403 544610 578415 602462 715426 720169 753912 784775 807768 

31468 35273 61274 89816 102838 109986 168968 176617 181395 223388 256586 265726 268838 284058 342590 356370 386597 431082 494790 570341 571692 578217 608969 622473 649777 680473 687370 688541 700860 715871 734414 744609 781162 792682 798061 828167 847003 847919 849509 891340 905607 909941 932650 945406 949666 954699 965548 965882 978486 

60 92
3733 27795 41092 73278 86298 154328 156464 165737 171520 200672 201104 232758 292777 295884 344765 365541 368336 377807 386784 413504 418707 431968 441114 441723 469687 485262 486130 504153 508855 517701 552356 568610 568731 571498 571709 601668 620805 672154 676417 677515 678042 694576 716922 721727 724205 746264 759270 812688 825555 835105 860170 873407 889167 907191 915983 927411 939031 984545 986030 990623 

7864 8884 11207 29346 41903 62364 67297 67487 99814 102199 102580 108673 140121 140820 142343 147303 175456 182951 186044 206760 214380 214905 216067 223238 229463 255067 257241 259632 259720 272951 284979 302137 311715 331869 336994 347970 348716 351955 355904 363459 381105 381732 422183 425655 435695 438326 448886 466539 492798 514232 515763 526485 543941 547425 551265 571580 588144 612265 612895 622259 623473 624253 626917 637623 646261 646330 655582 665241 684684 733862 745621 745898 770060 781027 785174 836689 853006 864727 875576 885198 890372 892499 899682 922977 923963 934257 945773 952724 964772 987225 996204 997071 

62 90
510 45426 77970 86721 90512 90932 91099 94113 101982 102638 103460 114170 116005 123468 125895 127624 133216 155026 155987 169400 214811 246989 251428 252751 276206 291987 331812 370106 370459 372467 397758 416570 418467 443675 491376 545154 556083 564009 582605 621039 646243 668264 671090 686385 716536 741535 743017 765189 774363 789410 800379 805360 809298 822613 823559 824330 834243 838220 838469 877765 960387 979478 

16464 33724 42326 60579 90120 98675 105221 106382 117258 121213 193513 204811 208071 215793 224105 227388 234759 240664 255959 285812 286129 295905 310101 311094 325356 336282 337778 357835 361565 368424 389167 390325 396046 403927 414558 441508 453418 453790 455396 466820 469893 472482 473955 507522 514154 536214 536686 539429 539919 543769 545888 549753 561003 574356 576403 586609 591126 616273 621932 622382 634234 634716 637978 678301 683869 690823 702116 709621 716421 716998 719821 737258 747193 756352 756660 776490 779113 783642 804596 821296 845459 873872 884203 894241 921669 929642 939550 943778 961820 988916 

53 62
13073 13839 29308 33108 34801 48906 51922 52294 56542 64907 70351 72232 103786 112180 112581 120850 136499 164479 187915 329712 344283 346782 409262 462401 478620 537587 564297 579688 586053 598377 600887 625842 646989 652633 673771 678125 686970 689703 701182 733710 765486 765698 773149 773189 805045 806071 844713 845219 846341 847443 870195 927101 940836 

6814 34527 43974 47022 48863 62067 77389 84283 100409 107858 137083 151400 153401 188476 214821 245679 254588 256430 256895 257854 275269 277409 285214 289359 297277 303461 312238 327460 333857 343803 350712 360250 383681 433006 448023 448393 450063 450594 501806 560281 585776 592561 609272 657721 702546 727000 727653 736013 747504 781108 798818 809444 828823 846628 874972 892293 897472 898224 902389 915544 948804 956428 

75 8
15975 18491 18806 20063 43340 58053 61473 128722 134527 144686 171701 173228 174193 180642 200139 205395 267488 271349 280118 283791 291904 311115 317922 323582 325128 330976 373195 391040 397568 413683 443242 458292 465542 473072 487994 489717 499343 523433 536810 558204 586560 621713 626893 644554 678772 682096 727238 734539 756141 762147 763622 778993 791743 816376 818363 832031 832948 842248 843517 847599 861179 875914 883693 887587 894019 911146 915398 916598 917091 920339 925558 951169 960688 988155 996008 

93225 307272 341752 452367 796496 828682 863242 939668 

63 11
12454 19968 36718 36732 40432 43953 47415 48599 53730 78756 79137 110059 153824 186832 217245 243283 248412 258094 272272 296304 310957 313743 347006 381876 382927 399539 403462 449378 449576 455065 459974 482085 491780 522084 565975 566950 580634 581621 608845 622056 624292 628832 670909 738104 747631 784869 808879 820426 855993 861000 874622 883107 886420 911113 916325 919867 940015 941580 951999 958684 983329 990166 994083 

30569 52781 57712 139906 338732 370915 613562 729653 745285 925870 942443 

30 11
20502 28119 57482 112697 134912 152179 173091 184644 207398 268352 275449 286481 290426 300686 316577 345155 386549 446876 606297 609149 613945 679446 738296 746800 766600 788252 853919 961888 974323 998021 

46331 48880 136637 174369 511478 648037 699978 742359 831090 931721 977960 

31 20
34187 56746 57842 70291 79288 84753 102344 107765 123193 159516 183180 259149 266210 293928 419818 467562 481100 540125 580019 580338 581967 665101 692664 705392 711287 726363 766930 881353 916429 931401 981306 

18697 106119 186617 386960 414030 432086 433590 499067 504272 514057 536193 598549 660868 709060 715932 719497 752641 927444 943483 949340 

50 3
12288 38876 65835 100444 110696 151595 154790 163569 164520 240480 248036 249232 252586 263112 271394 279283 287487 333651 368696 376140 378837 391485 394061 400021 409672 429354 439727 447193 468929 513021 513107 549892 567664 594448 596223 662102 672443 673018 699059 712510 728899 745947 757184 797607 799770 810227 840882 929614 931504 952377 

692675 788639 789923 

39 63
16600 23461 37519 51590 52213 92846 100910 112978 124123 137000 212354 227156 269708 290117 291629 313580 320098 347830 348464 355779 366137 409618 427316 486161 528483 559853 572274 584147 601508 627014 673941 709936 756949 766722 798426 879831 904381 922545 994998 

15454 27703 41538 49112 63087 68588 93479 96438 119375 162712 163007 222500 235226 258105 322416 339931 363630 363978 372152 373278 405657 413262 414827 454449 460205 475787 478559 497637 509035 512765 546422 584643 624397 629738 683526 710503 730017 744096 761393 779896 791086 801698 803670 803844 807043 816139 833917 846714 852264 869620 870794 897824 902408 917296 921735 923520 949695 963963 976516 983328 985185 987234 991005 

91 99
146 506 29250 31564 35768 38350 52031 65229 66226 80562 88400 92338 96304 110342 131015 131716 135704 146136 158504 159656 171333 171683 173032 174791 180870 189967 205359 219724 224917 236981 237358 251156 260893 262761 275052 279318 284642 295152 314852 341697 342389 376815 397496 426956 427011 427143 451836 459713 487754 499948 510470 517538 517689 524814 551853 586406 594514 600741 612178 616738 617086 633825 660749 668949 674757 679595 716206 732147 736938 752863 770180 773563 783782 787698 791974 800630 806035 842219 851086 859547 871119 905037 915351 917719 919425 923067 935949 936017 963373 966302 990047 

17828 30465 31005 31695 42857 56457 57836 59821 66448 69288 111147 116035 120897 128427 140270 140361 157411 161668 167216 167364 172881 184032 211437 221995 225809 229621 242080 248950 250454 252019 253140 255241 276720 286656 300588 310486 311140 324611 326481 355455 356577 365290 370126 382189 396335 396768 405833 410729 414290 424205 453614 459944 481338 511083 520801 522784 560997 562722 564749 596304 607873 623734 643523 664815 678331 690099 692647 711390 717754 729624 730322 733520 736887 742922 755629 756932 762909 772765 777073 777074 810719 818976 834839 835389 836031 847274 884727 894999 901146 905423 919863 920342 921059 938144 944989 961912 966462 967028 992673 

61 25
6259 42943 46133 47048 47647 51585 69561 93065 118381 134513 136909 162909 168465 192545 224673 226366 231435 234640 243857 294495 299991 346295 361314 370134 391736 407600 430291 449004 459469 461747 468663 474948 492162 536830 537406 574534 580582 622264 635143 650237 679395 684481 691962 694651 700325 722860 725255 730784 770813 778235 780090 819986 841947 887569 907275 914655 928803 934348 947687 976342 984042 

41481 99587 242838 297119 304300 314107 395466 406894 428257 470010 495735 533659 613028 744683 749345 761461 772533 780871 829899 920445 923036 927353 942166 948050 949455 

59 28
1276 22982 42061 44145 67260 101227 107888 133973 159980 178226 178965 193515 208764 262841 264240 280353 287145 291862 368811 376232 384345 391595 415428 417329 448499 497988 517917 527109 551288 557972 566446 567629 569026 573560 605698 646406 685332 689048 697495 711477 716724 718526 731403 766404 767938 793952 794859 799442 803136 810704 836301 846758 866997 870526 950745 973084 983366 991843 999512 

133002 142496 206011 294417 296306 312068 333228 388168 391339 400321 428350 459681 467868 472827 476560 537728 564158 592170 625951 631358 632968 684379 690153 767565 824486 831042 837750 911403 

11 67
54547 96926 171249 207260 286004 304811 521008 527284 668604 749272 788015 

28420 49854 80442 89266 104393 107028 121112 138578 138940 147110 148219 175938 188522 196250 274712 304729 306225 308303 320437 328662 331513 382334 386433 387883 411474 412536 459167 466924 490410 506940 551368 553102 567672 575142 585078 586295 588708 591394 603991 605315 607913 608827 634014 635218 675461 679143 704099 734153 740305 758598 774255 779594 782544 786940 828401 870563 878098 880409 885086 934357 935618 946184 950771 951966 966440 998662 999177 

91 101
1203 2166 12633 16954 19034 25924 38948 56334 79665 119205 119660 161252 178141 179355 180826 182391 182433 186145 199859 213703 213762 228137 240915 255583 276873 285472 288518 289241 292544 297162 308906 311518 321388 323106 340338 347642 351496 352443 365077 385740 386874 387285 390529 396261 407554 420245 439649 440929 449961 488973 498274 500508 506103 508794 546123 588023 590143 612140 620372 624962 626001 634833 640010 643432 647815 664450 669494 672174 677632 682563 683880 688835 703154 704956 712326 733753 737791 745293 784952 797332 815842 869793 873150 880770 885832 897818 902392 939435 942599 954603 982221 

3980 9187 13518 15692 38872 40801 42304 54953 95184 95397 103097 108145 133398 150050 151390 171720 176269 181456 183730 192361 194275 196936 197763 201945 206276 210159 217166 218837 232028 232061 233153 234215 234587 254657 276318 282902 288442 295410 347100 359046 367305 371825 379647 393993 394943 425690 440253 462179 463068 470118 475513 493694 527305 527427 527573 528956 536107 536121 549987 567715 575556 585942 588292 591032 592889 595477 611748 626592 628989 638764 650985 652142 659893 675318 695850 707780 715120 747114 755600 772321 789027 789751 805372 805648 822517 831966 834292 842250 879728 879959 882286 924107 928972 936607 938872 941191 951299 973284 985083 993662 995810 

90 74
2386 18131 20352 34275 36240 42517 49407 84165 86770 115468 133095 135859 153263 174832 184583 190945 201766 214342 238702 241558 265992 271491 294651 299763 333595 363269 375192 378174 392906 394155 395860 415366 416796 417705 425972 443591 451655 457725 473046 477944 479496 484044 489888 536865 555510 566082 572162 575403 586770 610690 613548 618308 632143 634556 638091 648691 654960 662342 667418 669293 686097 698269 711678 767042 785863 791529 799695 815444 828533 838696 839933 841578 843174 855944 886110 891465 895916 897892 918801 928974 932770 932980 940646 943414 954739 955224 959968 980739 989350 991995 

13751 17880 55683 94203 98410 114302 127212 142352 156693 163666 217265 240605 252414 265947 266368 300613 309331 314117 326517 327554 343971 380735 399193 401581 412143 413230 438244 439083 457207 490781 503388 511195 533391 552810 611545 613340 622631 629777 638082 642647 643601 648268 670660 670990 673620 682013 708201 712894 718833 724079 731772 743266 748299 769248 784897 795540 823700 825067 835590 837897 846541 848603 863695 897022 909614 911325 914345 916811 917661 920441 924554 946860 962654 987945 

28 64
96588 96634 175641 199417 241188 243981 262115 279136 292203 299170 341008 389456 392091 482743 494750 501292 503345 518062 650472 683080 791394 795524 796397 840468 861867 868237 877195 909718 

13531 13538 18472 36945 46920 49879 51439 51501 56838 70781 72351 98082 172148 174449 174587 180536 180850 193159 243387 287770 304627 306314 343480 347116 362204 379589 380388 383593 427660 428127 448939 449174 481975 498197 519364 529760 548847 561259 574574 591797 600779 648820 653552 696510 697654 706036 709051 712453 717801 728053 738302 768175 797464 801869 816305 851220 875560 902295 918807 919439 935754 950297 965580 989495 

79 33
3579 17787 21757 32939 43563 46058 74066 87904 92724 93563 102702 112491 123501 137732 139437 173934 218992 219982 221563 233087 257603 265044 270281 290099 345527 346440 355808 365477 401946 406508 439582 448154 463443 468341 496391 503511 522991 526810 567893 577487 577765 585447 608203 620797 621865 622978 632670 633662 637660 639262 642467 645608 664617 695740 717448 718551 722468 732727 740794 742862 760346 768426 793568 793960 797788 808807 817905 861186 864425 864973 877320 878892 879906 893012 909050 915798 960210 984442 999402 

23635 78136 90013 121321 154502 184047 187696 202265 226577 285315 308542 334339 375369 460744 482451 493000 502557 539237 559154 578356 581563 643266 649280 737761 802832 803256 805440 814358 824882 898862 940709 957127 975104 

