-3 -1 0 2 5 7 8 9 12 15 
2093 8900 26997 55281 55301 59364 62614 64903 83556 113309 123708 141518 156583 163650 164022 181752 207669 224330 243938 266239 269634 285655 293001 312668 322412 324131 336691 337755 357663 359848 364131 364853 382988 407475 407892 412933 416308 418687 433136 447632 459498 476105 476792 481081 484498 492858 498073 498305 501755 556080 556893 567005 578323 610804 632057 635952 728369 738186 747309 753542 755349 767605 784065 808140 816992 825639 835089 892911 914815 918498 919527 951628 955698 979678 980006 
14889 16902 23620 26072 28191 35011 41871 43336 74614 76223 109677 119267 136078 143963 160341 164332 174049 176893 186693 187737 190882 195770 196512 206743 217912 223025 224998 234390 239716 239956 253819 267367 268431 277239 291211 307642 317860 319073 320867 360785 361541 365031 365550 377608 377624 388204 404170 409270 416070 419625 420418 441788 450648 459247 464458 474477 487254 487816 490625 503486 508569 511608 525675 539097 541224 541714 556991 568888 577851 588898 615222 620192 621483 633714 638875 685841 687463 689736 689831 691914 701959 716026 727048 729460 746349 748059 749719 759043 765495 781291 785653 789519 790810 791928 804099 831040 831180 859301 863109 863293 873283 880609 891767 903675 921612 924880 950338 952955 952994 955194 955487 962032 965938 966319 977586 978314 983471 983514 984095 990009 990451 
6298 105290 128325 148236 151564 220469 223152 320692 329732 347089 384556 438288 461649 485813 498940 511615 534728 573160 639528 717036 855615 862706 893151 893230 929296 930138 951574 952243 982480 
9485 22484 52799 77932 82287 94115 108262 125439 157511 162151 167021 168627 192159 239551 240302 241940 258859 300491 315725 358741 385633 391176 391672 410400 432012 444979 468852 492168 496653 511364 515686 547392 563081 586464 635176 663856 665166 717193 724191 725682 729843 735716 747707 767568 780831 786997 790335 803600 827685 837449 843288 865141 872256 883479 886997 906485 943535 947980 981197 998123 
2364 6904 7208 8609 12693 14057 17178 20349 21826 38828 39477 39606 55068 74651 75781 79342 81093 96957 99065 107649 113757 116734 119937 123511 124616 125492 130869 132120 136312 139219 146907 147833 157944 159943 163846 173628 176917 181704 190268 195598 200651 200892 205084 213617 215733 221942 222463 223735 226890 228178 231291 239487 239544 242798 255537 256105 258927 260384 266268 283903 284429 291209 296195 306680 307441 310278 311586 316282 320485 346378 350377 356109 357508 367899 380607 390032 393944 412182 412712 413537 413630 427334 430550 430681 436825 446708 454166 454376 457824 458431 460988 479329 485283 487671 492676 494092 500351 502239 511762 519205 528374 528737 528996 540502 546104 549582 564327 575846 598504 598725 600458 601775 605581 614636 615841 624172 635280 640306 643003 643953 646419 662046 665198 674943 677824 678219 683365 688435 691144 695327 700391 706471 714386 716417 719296 725532 727838 728637 746646 751688 756967 762278 762543 769327 769491 771183 771222 785067 786696 789566 796165 799089 804792 825765 837758 841851 846902 856049 866854 879340 882614 885916 885969 903748 904015 912943 917217 918919 921615 924716 925098 926243 928186 943938 947655 949705 959148 960859 973879 987099 989164 990382 997591 
12226 46745 47854 58804 81455 94355 102002 104808 106644 108845 110080 113914 117607 132455 132526 168036 215363 223336 230744 235195 237914 253337 254418 266082 285532 288646 300947 354503 379291 399407 408096 418251 457411 463229 485448 506853 535371 550401 565092 574072 581934 605987 622749 636964 646872 654015 660010 664566 681985 697157 700311 725487 745728 758920 760976 766402 768855 777577 786381 788023 802535 807216 811904 822934 831141 841759 874965 880623 891080 896303 913628 918550 933181 941579 947967 956770 969001 973339 984856 
4679 5892 12192 12604 13256 14424 19719 28512 30685 36010 66860 77112 78259 82631 83030 86724 93781 97916 102649 104171 108513 108759 132706 138200 141738 147105 164573 170548 178393 183494 187834 189782 195088 203780 209721 212366 216314 219403 221236 227936 236474 243084 263444 268864 270259 283266 303182 310613 322834 328025 334131 350202 350294 353891 359204 361076 366576 368324 371551 372685 375140 380435 385922 417379 429171 442021 455142 461247 461837 464368 466286 480561 484368 507075 513340 521330 526469 534208 544831 557996 565297 574064 602287 614834 620447 640432 643968 657369 682009 683987 689656 693002 698221 702083 711696 720463 725993 730119 756806 761688 779916 790025 796740 797339 802861 828940 829352 836702 841780 854198 858737 864881 867986 869201 870152 878866 885058 887926 888066 923144 927661 931858 936705 949580 955371 975596 988439 989015 996185 
1582 40695 42401 49859 52133 62722 63395 66622 68097 81421 82377 84345 96095 98061 98251 109099 110511 128073 131631 173147 174577 176508 179364 180182 183464 198506 215745 220765 223539 238193 252962 264583 265987 267924 271025 281087 290668 299985 304535 307006 307084 311921 317569 328960 338773 347988 350806 362639 374797 395255 404343 422584 428895 434918 435851 437184 437190 439379 442507 444670 446483 457117 479810 482801 486718 494097 495046 500507 518631 542521 552881 573419 588825 593002 597748 602341 602812 605981 620839 625615 629264 647523 651340 653518 656792 656982 659711 659748 672853 679335 681347 691307 705864 708481 708912 709001 721116 727152 727209 765737 766274 772881 778199 781861 794739 803210 811247 813704 816727 816996 828463 838967 839157 866254 870325 876341 877745 892872 898760 909827 910146 938280 941346 941562 945903 947731 953053 960820 973878 980615 992249 
57027 70119 80764 93473 181752 218313 233414 252138 296944 415875 432934 437921 465422 479222 511398 528302 593249 614607 624716 637736 659570 744218 748856 755357 788813 790566 800962 802727 805674 825507 865870 900945 928616 969693 
5271 16853 20234 47517 47782 81309 86463 89960 103944 108703 113222 113855 145520 156119 169909 174070 180666 183375 188288 196537 197070 230802 243396 254577 267920 296408 296908 309636 330215 333718 348958 350078 373165 375215 379896 388460 388543 390444 391939 410449 416021 431328 445907 445914 451973 454719 458220 473240 476276 487289 501304 517096 540743 549670 584287 598860 604509 613749 613926 616059 633394 634123 661727 674742 677673 678483 692190 727653 733133 748633 779331 784613 796558 800294 808621 809687 812787 849769 853229 856303 863860 893781 896714 920950 922667 927678 941122 996675 
3535 5520 19075 27776 52877 67394 68514 72670 74813 84886 89673 92494 101956 107804 117937 124209 132285 134330 146793 151188 155688 161354 162272 165708 167197 168910 177199 182190 186216 189381 198481 199378 200322 205009 209712 214234 226836 232701 233906 243143 245624 246432 250756 258505 262164 269978 283260 283911 291818 306415 307649 313206 315061 321591 329394 335976 345977 354142 367166 368004 368333 370989 372770 373684 381584 395560 402364 403238 407470 416782 417342 420198 442535 444825 460339 466624 471262 473654 475646 489308 492467 494093 499248 502344 514991 516910 517536 542370 544098 544821 561714 591988 597851 600832 606866 613715 617508 633811 644434 656327 660487 662214 686002 688301 697226 698421 699532 701114 708011 719121 722635 739360 769384 775963 800867 808153 809579 822521 832540 852308 860370 861588 865508 867856 871796 876019 882505 893226 904467 907336 928340 928449 934168 945029 954621 954634 957827 963808 964936 970853 972856 973255 973727 998190 
163 7011 38878 118245 121215 123555 162429 164542 180251 182683 189520 238320 243780 246642 254991 258149 267372 288622 291953 292489 299118 304069 317121 318901 319409 323245 332661 342630 347641 349184 364189 385531 393831 394219 407329 409343 426290 430178 453461 470302 474093 480661 481584 481830 482234 485717 521070 525779 539898 546185 556438 574659 575640 599854 613755 626261 627658 637657 640776 666136 681781 702615 709095 710610 720167 736597 741665 742385 748988 751080 768543 778348 780249 782261 782310 784996 788349 794355 800448 809725 809801 812656 812911 818625 820295 851420 854371 858755 861945 866961 867086 872304 892100 910191 917686 946062 949359 951538 953093 958083 960306 985955 990644 996710 999109 
138047 246820 300330 314897 349095 405209 426482 426856 442458 475183 481476 486847 518098 551722 554485 616469 683856 696066 716823 729040 750342 798157 810684 847908 878409 917905 972396 
46928 49230 51487 72339 73006 79024 82276 104014 106794 108979 123400 125789 143112 145879 156238 186457 201528 204142 228324 234370 239464 242030 258821 296546 315986 319663 329541 335247 335965 342485 348160 349144 357841 361052 365309 379805 400176 405920 408135 409455 413799 426950 435500 455091 455616 460496 466992 474097 484605 541452 554161 559776 563512 566074 569640 577483 592862 614698 619501 656027 704363 722625 724251 729160 781982 791237 807731 813670 817719 832675 840307 845104 863724 873808 876193 885143 886810 887850 934102 934629 937127 940475 950905 957182 960533 961578 967914 970533 972731 989249 994049 
3338 21874 30012 39394 39670 39906 43668 46955 61149 65260 65290 69124 73266 75397 107449 113509 119711 120992 151667 153813 170464 178711 178783 180478 187754 188347 190661 200748 210518 220604 229578 241373 242014 262601 291270 316071 322316 328424 401162 447807 450745 452571 458311 461777 467694 480585 495393 498308 508330 534343 534814 548778 566981 570945 605497 612892 621219 628181 649454 664666 666037 673744 676599 681758 700236 703193 737241 747290 750633 759306 768287 770289 773523 779085 781892 791195 795157 801507 802102 811397 814874 829045 847691 870163 876365 882418 891562 899330 908716 934271 967126 998157 
439 6350 8519 25739 35229 35380 38839 47813 59793 65798 76066 76127 92071 105259 111412 119768 124824 135298 138495 153741 168508 171223 202862 211434 217108 225370 228179 232551 233758 239732 250119 288036 293259 323537 324453 357040 375324 385373 385651 398324 406367 409529 431860 438859 449577 451341 452237 460976 461987 470149 475253 494497 508768 513719 516444 516492 527050 537457 564131 573358 574826 577073 591815 592504 602419 611417 612420 612649 613845 617414 624933 630072 633784 636376 637036 637218 638164 660856 676165 676919 678418 683051 711143 740003 745237 754601 758668 766401 767190 767317 774234 780460 812665 817834 818140 827998 838262 852910 860572 902637 907150 916463 937021 963220 987245 988738 
20670 24192 105971 106256 126531 136826 151387 156345 156465 163264 166445 174617 191448 196801 198871 220009 222880 225140 269256 279110 311774 322058 322571 341851 346683 364588 385716 386419 400401 411482 432442 433781 445748 448196 450400 480342 499197 506473 537933 542998 556304 561491 562670 565758 578990 583567 584203 589725 602342 628534 643801 653725 655106 658484 658561 665848 717328 719942 723676 761417 771259 774764 820583 831128 839025 847960 857575 875579 894805 895343 909902 910471 940645 941154 966877 968060 974808 982239 982804 
12495 17370 25689 46302 50373 91320 108408 112170 121454 126130 140617 160770 184420 185321 188321 201632 207237 214589 265706 271607 271966 273961 293537 299449 306275 338043 342317 346274 349346 351799 357291 373458 376403 379733 381058 383229 383980 389029 409922 418477 432254 449807 465170 466533 476257 491270 494577 506286 521624 536137 544152 550928 561304 563763 565651 575624 577197 604467 604625 626988 631767 695666 705625 742067 746454 746983 747675 756946 775421 779516 780537 800561 818273 820375 851523 861970 874934 892740 896128 945930 949376 950753 970125 985524 996750 998981 
8836 33988 39799 42258 47721 66086 67604 67807 71078 71341 84835 89414 99024 103218 103803 104247 112930 122104 136093 136441 138773 142090 144541 148671 149720 157176 164132 179554 183724 188316 203762 205851 214379 216020 230175 240362 248030 256590 261450 266799 267150 279061 280179 282399 288977 295458 310748 312420 335915 344825 356228 367288 372989 382471 395153 399564 406897 413588 429826 447016 460300 474467 474880 484485 510309 514942 525234 525949 531568 539694 556254 584080 589758 614332 651204 652011 654194 660004 665953 667281 669984 690428 696079 698841 699623 704715 715209 728561 746021 747611 750460 756526 758633 766804 767568 783277 795382 832167 859792 861969 862302 866509 870681 880387 886820 891605 908519 919511 929673 935199 935531 938695 941125 942682 968645 975260 
11319 15941 22540 25680 25752 25770 27423 35353 64254 66819 72393 78414 82650 87719 97614 98353 101330 101991 105074 116220 116396 129034 136900 137223 139878 145016 155388 156518 170235 170926 177681 186090 193240 193443 200154 208672 212903 217563 233406 239456 254962 255116 274841 277536 319801 322874 333463 337504 337694 350440 352362 359553 367640 375304 382484 399869 417498 423553 426298 437113 461364 464743 467810 475874 478156 481813 486458 491795 498186 499146 508797 512734 513766 526613 534597 534997 535940 540866 541912 563955 579408 591024 591132 595769 601535 601924 602559 605161 619835 624474 659909 661204 681245 681630 688698 700901 706871 709581 719576 720053 721196 722865 723843 729342 730758 735143 737844 741763 752460 757556 759114 760916 776416 782424 789413 790446 790965 813391 839868 845474 850546 858892 861643 864102 877012 901645 907769 918266 926444 929334 937636 945665 960647 961977 976126 982271 983066 984545 988720 994375 995726 
32670 51121 55509 56520 58679 65713 72413 75411 99648 109772 124537 144381 205191 207687 210216 219092 222268 236898 239568 243441 246156 251242 261891 267774 270802 295860 296179 297578 304206 313030 315981 334191 377488 392724 418654 436112 441773 443701 449369 453625 454119 474155 475814 493216 497569 503032 504937 521744 542266 550365 551468 572789 585781 587580 593728 601427 607370 610916 614188 632306 647565 651456 653795 657449 662184 674532 682344 700053 721408 721865 755705 761283 780747 784845 790053 790347 804420 814087 826566 835260 849600 860084 864139 869525 872497 878120 881506 891533 891743 905291 915667 922624 925331 927294 934472 937987 939621 943006 955600 974975 976686 980585 988527 
12867 15394 19506 42914 48366 50453 53818 59959 67344 70738 85687 91607 99167 112708 113455 114524 115076 122026 131454 137401 138301 151108 157021 160223 173522 175659 175922 183389 184185 184915 188535 216305 220421 220600 232080 238996 256346 259374 263990 271267 271830 298300 313169 317595 321437 327420 327862 333658 336068 337497 343935 348564 370359 370937 383227 390196 395887 402215 423488 429506 436816 448580 448931 451026 460959 468457 473946 481803 491776 492419 501114 503341 503673 507821 509755 515738 520002 542910 544925 557129 558743 561142 569718 572290 573343 586364 600241 618115 623245 638313 651102 654171 657934 675436 679150 685616 703542 720811 724085 728379 734143 741433 746145 749816 756643 764151 766679 780173 799244 812918 815439 823442 823630 842869 843019 852955 853987 868031 869442 876445 886621 890094 917600 919529 935845 938844 940119 958272 963916 971029 973120 978996 990715 992323 
6216 10298 13467 13735 19513 22889 23036 23949 35158 45349 50641 54057 57591 58261 66142 71328 72389 78001 80596 80838 82807 85707 88353 92305 93646 110703 115600 116013 124225 129358 130983 131586 141785 151416 169198 172506 192563 196771 203059 213434 225912 245164 251539 268365 271255 273125 301703 302604 325135 342711 356474 357849 361876 366987 368578 377959 378865 380474 381896 384671 385656 394011 394936 412086 420215 420668 423223 424385 426007 432398 437342 444012 446165 448627 469688 485439 488125 510207 530463 544835 550696 553005 556586 560182 566523 566585 571450 578767 585515 588526 614513 625094 626996 632632 645420 652817 653575 659517 664345 667077 667538 669477 677724 700725 707323 707596 726856 734354 735419 735986 745338 751494 753491 782871 784579 790904 795687 796551 807508 810511 819240 822515 826228 832525 833122 841030 845290 852599 858720 870875 873366 886447 890881 897041 897623 899150 900861 909949 910875 921457 923210 924523 924536 926690 927341 943959 948288 959655 968096 981522 988050 998208 
7590 8344 11016 21645 56857 61132 71986 76798 84109 89236 94902 122364 123807 132658 133586 136802 165559 168647 170157 177872 196384 202680 204578 206310 229743 247621 263666 325340 331248 387451 395934 412032 414668 415404 420089 432578 437319 441909 443033 451871 453936 460007 463326 475690 477101 493879 503172 505053 505399 506913 516957 517040 518673 551199 554412 562871 564428 567193 575640 577522 582373 602436 605025 625297 638285 643235 650829 651889 690807 698830 702809 709551 728509 743258 748516 756772 758581 772656 801255 808343 830509 832714 844050 850991 893496 896783 896974 903178 913599 916281 919345 920178 925695 934892 935360 936344 941130 941846 947064 959823 960139 976690 981035 
2060 21630 24622 25208 30244 34396 35138 42908 43025 53763 67410 74327 83302 85691 92761 95389 97451 106851 121178 126559 135040 138932 147861 149396 156157 172348 177128 180263 209300 209672 210152 213740 214788 223373 224834 224897 227994 239210 241750 242481 245765 258154 272269 273614 276157 279152 283955 291254 301799 312366 314425 315768 335718 340262 341820 356499 374141 384782 394646 398589 402914 409919 413496 416304 416344 417739 433147 438427 441658 449001 454844 461460 464433 468509 471127 474511 475564 476085 481049 482322 483628 485253 485515 487843 493689 495046 499140 499725 500417 513672 518871 521262 522171 524675 534564 548641 555010 557450 561791 567981 577860 581884 582476 588569 589256 591643 595072 604349 608510 613973 616138 621149 621303 628153 629596 632348 636516 648011 650915 654015 655168 658301 672284 678812 681846 685216 686430 694316 695251 703952 712822 717836 737226 739622 744049 744335 749688 753009 758624 759004 765519 767987 768780 769353 773477 775004 780228 782953 790257 793521 805220 812301 813226 818568 822257 825475 829691 831415 838112 838547 841379 847640 847724 857916 862387 878205 879386 884318 893302 898615 901505 901692 905371 911523 918404 924015 927716 939680 941645 943764 944283 951010 961241 967989 969059 970716 975452 975545 976603 985898 998406 
3132 69426 80679 91597 163895 179588 206000 272208 303195 330267 373221 381422 390115 411037 425087 428215 530468 540905 542084 544510 569489 575794 625759 738837 754676 783646 797595 836354 846909 960651 966753 975171 986185 989444 
7216 12783 12959 33667 35522 35548 38660 43328 43971 46261 49278 50623 53050 61544 62779 65032 73674 86185 90693 92138 95076 97332 100079 107848 121032 130086 138076 150607 157601 165754 169912 176829 178122 179138 182089 189230 195505 218109 219315 228817 234050 245733 252304 253144 264603 275890 288092 289486 290775 293243 303400 329953 333163 340678 346263 346319 347822 348054 351602 355947 368915 371280 392182 398339 400785 403612 409347 412733 419523 421586 422076 424469 448150 452321 458132 467335 470942 471158 473353 476277 482345 506021 508507 509171 511386 511870 532854 534089 546660 548147 561370 564163 567641 581480 599619 605517 606590 609348 614932 621519 621736 630865 632189 636215 656413 656431 657063 668741 682377 685280 699972 709885 710952 711352 711638 712387 714208 718105 725837 735834 739047 739519 747767 749097 753688 754396 767807 772766 774996 781545 782578 783240 785576 787514 795056 796931 797839 801320 813403 818034 820266 826695 827057 831486 840407 841344 841527 848162 848627 850228 854128 874781 883482 883959 886644 887876 896348 905201 914091 917720 926998 930133 932659 934523 935240 939876 940576 943037 944555 947965 948461 950588 962973 974579 975487 982470 983144 985475 987955 988592 992477 
36893 46050 59565 70477 73600 84100 86345 95672 125522 157281 165316 166622 173468 177885 181204 208059 208958 219891 233493 263947 275000 283837 310961 323824 402018 405902 408685 426635 434338 439693 448612 451375 500693 503995 510324 511914 513644 530868 539877 567966 595128 645022 648619 674189 682065 694547 722752 769853 775912 786179 803118 836480 838996 845030 863336 864445 879540 881426 920702 924743 929544 931083 939241 940705 952488 953698 954119 966402 998476 
7819 20427 29094 29259 29525 37587 39547 40630 41330 55514 59148 60948 61249 63538 74455 85516 115921 116071 120692 131101 134693 146739 151122 180120 182154 183677 186549 189500 191935 197475 220515 222720 233971 234472 235944 242256 248425 255608 257547 263948 283081 285160 292281 296517 297780 300343 313376 313837 313901 321061 321881 327376 334998 336269 339945 340394 343696 349442 349806 351183 352819 355039 369071 391854 394528 397609 405837 417354 423613 444798 447769 468491 479354 481108 494328 499640 502142 513000 523744 524044 532281 543465 553382 559829 568817 571119 584667 584702 592430 599545 603557 609247 632311 643343 644736 684384 701208 706238 714471 721139 730233 732221 732253 736908 760096 760176 764733 767884 777163 777569 785680 789419 790358 796800 798989 807233 811998 816580 817587 827701 827858 847415 858580 858841 863880 890039 895575 897329 902794 904922 909273 913950 919733 930410 934331 939009 939105 944238 952855 954534 955696 963778 971913 972841 988620 995591 996347 
5341 10260 10803 14861 24347 25132 25743 40082 41346 63600 65162 70809 77851 91862 93874 99970 106813 108188 114290 126948 139136 157439 159404 174930 176231 179383 199070 204852 208903 224232 224678 247533 250939 258585 265538 278190 286532 294861 321045 321628 324178 325564 333448 359610 370795 388641 404875 430280 433574 456523 462004 466427 470490 513043 513807 535905 541349 550280 551962 580847 596675 598111 600435 601126 602082 604729 618081 636694 640605 652206 656218 668739 672568 675292 681319 686829 693605 698657 708302 715380 719544 724584 733771 769612 776175 785222 786434 794274 811738 834146 835738 843727 848279 848465 852464 852664 857635 861312 898357 899354 913546 914081 918867 930562 933249 937938 952142 955406 956704 958422 967398 982249 991403 
18907 23406 89869 91263 132419 145937 189201 190282 204551 212936 276437 286333 320977 333769 345990 428832 463399 478276 481074 484171 493150 499719 503895 518983 520039 538279 557099 594077 597181 612557 623336 642108 687254 704761 706216 709074 720669 728987 748653 763639 767233 771183 780625 781828 816605 841427 845627 846856 851422 860246 878753 905011 907357 910250 981900 
5663 25266 31765 38674 40489 40673 44960 45666 48654 65252 80324 80814 89704 101898 105520 107725 107984 114413 119797 127406 130748 131778 147071 147462 153341 156401 175350 185183 191406 200535 208758 211628 243505 245095 259224 261543 264126 285621 290375 294387 337366 348848 365725 376391 394699 402516 403494 405443 423894 451373 453023 453304 472261 500680 504556 520670 521850 540556 571812 578051 595156 600271 604105 605785 617229 645555 655087 664810 673485 691891 696824 713019 720779 739151 742187 754017 756470 776604 784609 785089 787706 800272 805962 827091 869834 875347 885557 895444 907741 911687 917509 918856 935898 950741 958751 988221 
6360 6895 25946 27524 28567 38171 39554 40494 46456 57417 69175 73185 78246 88804 93066 94098 94273 98885 104805 111476 123845 136898 138066 141762 145251 147855 148105 157780 164651 166094 171872 181477 196192 201918 207767 209116 220621 224558 228879 244360 247360 260597 264697 285308 289307 292260 297356 324445 327088 330108 331857 333993 336768 337181 339537 340108 349584 354846 357599 364297 366479 375698 378732 382712 387308 395496 395514 402934 414848 416660 427562 430332 441840 457489 458946 465053 498979 510289 520174 521556 524138 527647 527746 573168 576525 586005 589785 596440 597631 602865 607737 621798 624910 630253 637833 639844 678408 680170 688285 692260 696291 697113 719699 741361 745045 745485 757452 762833 766691 771266 771916 777858 783144 792081 799675 804084 806702 809105 809975 814215 819287 829152 835420 850682 855081 858151 863700 870043 891558 897963 921376 922493 923684 928510 931913 941705 944098 950476 955106 970105 982070 983728 985845 993083 999363 
15205 35414 59629 66480 68920 86894 95701 101279 136465 142622 156525 175714 225545 249971 252865 257422 268717 270187 290476 292242 309707 332733 335117 346020 347012 347258 353899 369884 374694 406373 406989 410250 412759 424222 430247 433282 454739 464549 473804 475344 484138 529657 536745 538111 540601 547559 561219 572749 574225 581776 591945 594737 604369 609408 609815 609948 616871 619770 624358 646342 671650 685342 695872 699813 705574 712833 759148 772419 795239 829259 835892 838107 852576 857495 864165 876445 892718 898879 906099 907015 907492 912695 913903 941480 987969 
31403 43009 57633 68442 71732 85613 139851 152036 168501 199617 210264 215495 222785 228120 248332 261553 262428 268336 287323 291358 291833 299372 304631 313444 322417 359681 420156 453114 459625 460245 466985 485696 491834 506243 509584 548117 560612 583652 592607 597229 603106 608129 622010 630077 650596 693162 698701 728087 741784 743069 764076 800145 817390 820764 821646 852223 919111 919227 924132 930165 934243 971841 980687 990093 
682 4714 29008 34784 37073 40437 43708 51600 64274 89604 100686 104048 105870 113987 121379 134713 138599 195667 201188 214408 224133 242297 259966 269270 270000 272674 279344 288018 290649 298440 298533 311824 332294 339145 341684 348508 370702 380043 395258 400316 403551 412436 425433 436349 438424 439508 440529 451947 474036 474353 479356 493098 494985 499182 502876 516129 524786 525626 537251 538717 541029 557697 570841 605819 618594 620198 622346 630940 635534 636502 636656 641347 652822 655424 661664 677693 681900 696531 697723 716464 724210 728948 747152 782168 782191 783646 785394 796186 803526 809266 812811 813644 821211 821924 827126 834517 861674 866290 871961 879735 886089 889414 901052 919572 929814 943708 951785 962013 974358 974739 979490 992914 994276 996636 
25326 30487 137265 147194 230344 259373 286649 301982 313467 383623 395125 502704 586140 617710 750545 828224 893720 926000 947487 995042 
21323 25223 27000 57823 73760 80802 92292 96709 138659 140156 145609 156280 176665 199746 208435 209315 219221 219678 224408 234596 253393 255399 297139 304646 306703 360415 362693 376051 420192 420301 423590 431891 436339 447101 463723 469787 478057 478578 484939 519622 519757 523009 538148 540069 556905 603800 609734 636599 640577 644441 654159 669536 670329 671702 689023 692641 693027 699583 701030 707405 717028 728244 742624 745063 746867 760705 764856 767838 770307 783713 789808 797260 811239 818175 843685 848654 858425 874121 885657 889608 893403 909481 909971 920267 926709 932127 932736 953385 968747 985310 994346 997205 
1932 4227 13756 20926 25441 33473 54767 55861 56603 65518 77979 80626 82771 89778 92431 98817 107271 110747 114875 123212 123774 131782 132972 134324 137819 141436 150605 152863 158574 158656 164152 165142 177820 181746 183953 189248 199338 201017 202448 204377 211992 217869 219413 225637 228581 238352 238371 248979 256201 290304 292265 299612 304014 309269 311937 312922 337971 338653 345000 348345 350890 375792 379588 381898 387977 390164 391071 402996 403046 403364 408423 418379 422354 441469 448188 450412 450840 456653 469310 489503 500025 502175 508016 511161 522112 529968 545088 552845 572502 572509 577629 583803 585474 593939 611221 616293 625515 632748 640540 642967 651064 655569 661248 663016 670334 679399 679793 683920 687229 697634 698963 703462 706322 712201 715341 729272 738320 740234 767395 772893 779880 799229 804299 807971 809156 813741 814889 820040 822747 829739 834494 845619 848016 848029 852901 857226 873412 876267 883449 884338 892957 904450 963497 965645 971953 975105 986112 989777 991755 999354 
4926 19902 45089 54668 64705 70091 70573 70598 71064 72489 97542 99037 113229 142529 212847 218680 230058 247841 257366 264903 272486 284255 291811 296253 310925 320877 332508 337137 341685 349095 367105 410563 411782 415644 417494 436117 438890 448671 463617 470318 472782 488147 496818 507974 508346 538257 548602 551696 566222 578536 586543 600152 607935 622092 631763 652380 654672 670996 674549 682263 688262 706357 709884 731883 741850 747274 750786 757788 780170 792523 806905 840465 842243 858453 873110 873985 879461 881834 907451 917164 924147 924988 935359 948601 949344 954205 985692 988676 994621 997926 
18579 20809 21997 27460 39582 39718 43689 43874 44257 58226 64914 69639 86242 90739 96603 98207 101014 110989 112302 118122 133252 136089 136442 150678 154576 174173 198029 198532 200056 205155 206753 217431 219444 232929 251101 256147 266907 279655 280388 292430 293039 295044 307446 308291 314281 316795 321455 326369 333687 336057 337590 347013 366275 368586 371609 372665 377307 389950 391330 401475 404333 417157 418079 419039 420734 428216 436044 439721 446388 450185 451535 453687 460038 466495 470615 472027 476438 500177 522914 551030 559084 561626 563965 570917 573463 582573 589444 600575 610246 611387 615521 619073 629266 643147 647464 652538 656130 659427 679255 683207 686131 686530 702874 718123 718569 725723 735576 737253 738845 741060 741132 750107 764149 765799 765986 766370 767425 767495 781132 806944 807270 811028 811293 826431 832500 835738 843824 851584 855408 864891 868764 870899 874480 878847 888653 893752 896450 896990 898394 898449 900590 906305 906468 910810 913140 914366 920366 926808 936502 937115 940107 943533 949374 956474 962125 967984 975784 979839 987449 988961 993810 999503 999618 
11587 15695 15810 54590 74445 74509 77749 82189 109164 114028 126469 128432 136065 143300 162280 162450 201709 202104 204478 205525 250479 264012 265247 274469 308485 322885 323165 326001 342492 372799 388768 397015 409943 411425 435286 436656 447118 460796 466564 482917 484494 514735 517206 518315 530797 538876 543647 567433 581227 583572 593275 596715 597792 600714 602022 618896 622232 649083 652850 653177 657632 686804 696226 712700 722297 722562 723244 732573 748261 754831 762770 763192 766606 767076 767733 788302 798907 800053 804654 809089 814447 816760 819917 820754 825641 837128 840368 857312 873779 895255 896894 898999 915193 933904 936458 945196 963567 970143 972608 986604 994176 997036 
1386 4312 25892 38297 56154 68348 74671 76084 77658 96911 97117 98196 98630 126841 134504 134610 149855 157652 159295 168692 205520 208922 219541 243006 244072 251215 253230 254940 257783 263740 277567 281579 291165 302317 304295 314743 329833 331714 335720 337577 338665 346474 346754 348859 354366 359202 359360 368838 370126 374054 376935 383657 398324 405895 406641 408204 408997 409475 411265 421579 424038 429180 429418 436370 444389 444509 446555 449081 462135 475113 475348 483967 488055 488991 491719 501794 504160 514110 516520 529392 540477 553538 565057 567452 573558 585651 586718 599816 612683 618805 624699 632247 639356 642550 643305 647035 648024 660122 666577 667288 672551 673113 675560 690962 710001 715218 716695 723502 726500 737921 756455 769921 771185 779190 782545 802465 816672 817268 819165 822075 831785 836036 847142 855575 861280 862339 863622 865639 866534 873830 876496 877015 893388 922628 936174 942844 948471 948965 950278 961406 962423 977221 982330 983265 986808 987872 988430 
4693 5403 9009 39276 43783 44837 56297 88039 91814 105458 110884 119632 123629 132447 138743 143158 144165 146252 158453 176649 181714 183635 187102 195956 239070 252824 253317 255996 259877 261936 267876 276483 291725 293293 297689 324546 327962 333332 343048 344219 352646 365565 374661 385767 386561 393579 423888 424553 445401 452172 457862 462803 468546 482543 487176 499935 501423 506861 516062 525941 529196 543449 563822 571116 583819 584716 616573 617746 622937 634396 688491 702832 705695 708802 712657 714879 721515 732644 734541 738875 743386 761452 780798 795208 806722 813075 815653 818498 821177 835140 843915 850345 850463 851248 855254 864830 882076 882250 883695 891121 901442 905732 908057 916647 922225 935928 939649 945466 945822 963504 972958 977515 992518 995134 
3319 6993 12561 14030 14660 23709 25984 28067 29423 37581 38151 52774 56555 74782 76585 92493 99690 102989 112856 118377 123103 130676 150225 154962 165151 190892 198919 205736 212703 220655 221482 232563 234651 239421 245018 246057 255534 257687 272334 273491 280030 282044 288272 288714 293451 293558 295928 300408 301153 304033 304974 307580 312151 333267 348934 356374 367093 367522 370856 378073 396015 399116 399659 402494 409333 416995 422167 422415 424632 426428 438610 441300 448391 453271 453294 463184 470877 476721 494101 500873 502680 503024 503178 521471 522792 525626 530796 539260 542520 553631 566854 567295 567765 569594 575222 576087 577564 586232 596371 597537 600777 602376 607854 623631 624148 629127 630337 630654 630760 636090 643107 645109 678579 684711 689664 698108 704638 708265 708612 718532 719212 719329 720041 720072 720778 724124 748635 750783 756709 764330 765341 774334 782747 790117 790917 791490 792663 794718 800211 802298 825276 830374 832043 833888 845270 850228 851614 854236 855313 856441 870517 886044 887564 909959 925218 931144 940610 943418 945177 948080 962378 971006 974700 976867 981036 994560 997691 999049 
7521 12738 19931 20502 25696 41274 43848 45742 51451 51721 53853 81393 83045 93688 103310 105675 107801 113680 128238 128468 132753 133678 134147 144038 144988 148828 151241 176743 187589 188036 196890 203838 204053 208882 218013 225830 232862 236571 249980 272060 272999 277174 291506 305371 305753 310119 321738 337681 339468 341745 344845 354042 367533 370251 373947 375259 388907 392814 396042 401069 410063 411056 413099 417742 423264 428036 435592 451982 462022 467089 476833 476834 478003 510325 511815 516640 520363 520594 522882 524080 526409 526474 535333 541895 544434 544610 549407 549912 554064 558650 561598 565330 568138 568255 572098 592326 607776 611474 622603 639444 646448 659113 661742 673134 678078 681263 705629 712319 712319 714195 720428 724194 731859 733708 748139 759324 764062 781332 788092 789797 791456 794519 795752 795951 798465 802922 804175 805649 810280 811058 815589 853815 854406 862765 869380 878093 888813 893391 942686 946009 955175 962813 968408 979066 987161 995537 
52102 56106 62774 115025 146824 182637 187072 204754 239066 257237 273917 275556 296811 324318 325275 340542 366158 374991 387545 402864 410283 416286 453340 471240 475472 531017 542294 545353 557407 602220 628160 649774 653240 674270 714794 722158 722344 730526 774980 812408 824502 830924 877823 997656 
22022 24603 25078 26388 27996 35224 51241 52519 67143 69326 74433 82698 88812 93988 94686 97161 97423 102823 105545 112030 112737 123422 123813 124062 142322 147996 148114 148275 150376 165547 169911 170358 170760 171567 172966 177922 196783 197125 203673 208896 215874 216771 220994 224795 228815 232371 242852 245251 259310 281842 284592 285811 294372 296618 298920 303441 308213 308527 317208 323501 326102 334259 334979 336999 338554 342705 344229 347491 347734 349111 351332 354067 354637 364911 382654 388768 390739 396744 405380 412307 429783 436473 437931 446848 449194 451025 452159 453876 454578 454872 455580 463284 469663 474179 475396 477606 480696 487058 493764 502871 513537 521426 522519 525621 538517 542211 542431 546272 554019 554206 558636 560991 567983 573700 581207 602084 604310 613092 614201 614322 637737 645909 650611 651885 655428 659625 660592 669970 687257 692429 702746 703094 707588 709293 731085 738047 744685 748110 755016 766186 772900 791239 791391 792347 794086 796032 813986 841409 857255 858665 859924 860085 860487 877673 906442 907524 912239 915262 919670 924653 925041 927017 932511 933037 937983 943077 945488 952310 955993 957359 960627 971724 990707 
23639 30480 73808 79822 87012 91821 100182 123161 126538 158570 159799 168739 171565 171627 186713 213757 219992 235293 253419 282622 290336 316440 329204 339969 357084 374249 382243 399201 406695 415073 438310 458726 463370 472451 480672 516036 523209 536251 542404 543940 548680 565087 569268 579715 620329 630141 699075 699719 704306 745347 781041 795606 823211 872983 881070 904884 920013 956907 959609 967076 975896 977318 
25686 29537 34652 48762 54973 55919 63395 66644 88061 97333 107806 113264 118446 129500 137787 162002 173473 181551 185174 185318 207534 213901 233547 244462 261362 281205 294449 299685 303387 306720 318107 329481 333037 334185 344600 351861 361218 365580 370878 373159 386803 390272 414687 422949 464425 468854 469577 473442 476481 490744 509398 518483 550221 560258 584698 598090 601701 602470 604337 650258 653251 655244 681173 683719 691740 693400 702396 703610 703678 739292 749647 756219 765019 773929 780684 783380 789562 789763 797942 799834 823776 824515 826259 827870 833436 846200 876930 883428 892223 912696 925080 926697 959052 960886 988790 990529 
8168 8712 9153 17445 46531 46689 53950 62137 65560 70137 71047 85791 97308 99148 104459 134668 139787 144919 181948 206158 208397 211964 213201 220807 224913 229698 244035 248420 253414 265014 266819 276084 276620 281575 284616 299037 312072 327747 335351 339098 341297 364765 372878 382505 390781 390953 405582 437599 441983 448718 455528 456154 458850 465429 495666 502925 503903 507948 508447 513694 514266 516536 518032 521191 533732 541980 547092 557349 560523 561998 576454 584137 584192 585191 600595 603886 604763 620805 627084 636588 640884 641267 643094 647261 651133 655397 661447 665860 683986 699138 709450 734875 737339 737350 739420 741248 742472 764482 781045 782087 805437 816169 825566 835733 839718 851269 852835 853649 855503 858668 861459 865900 871347 872105 890278 893484 912885 944771 948477 952303 967176 975804 978403 979554 980231 992119 993996 998358 
4871 9541 18528 33653 39821 49444 54153 55739 59690 66320 86187 105691 116375 119191 121178 128525 133135 144149 144789 156958 163506 171034 211940 223780 227520 235133 239225 248716 258842 260626 268216 274966 283145 285402 292034 325940 338017 345353 354581 355325 365193 384925 387893 403115 413309 429584 446169 448032 450633 451668 477082 489227 503423 517422 544505 546449 549411 562706 572706 574321 576125 590048 592452 594763 600251 610251 614979 616897 631546 642477 659268 660831 664481 730273 738502 738617 746258 761511 764907 780892 801113 817408 818692 819574 825980 836555 836616 837345 845075 845525 846527 855218 870811 875732 894015 897262 900940 901585 908540 924089 927162 938320 946432 955817 966093 970816 980366 
14750 15916 28686 34455 39743 43860 44352 55562 56835 67858 78646 85345 98119 103068 107298 108656 112410 118790 130636 131157 132890 133414 133813 149941 158404 159756 168535 172890 178245 179317 206995 207506 226094 240390 242822 254343 267999 271136 274255 275680 283798 283976 284072 287848 302958 305991 306640 307521 320624 323935 324695 328106 338882 339181 341737 344415 345005 350576 351855 351974 363696 370033 370561 391019 394230 396322 400198 400587 403934 406970 414323 427069 429859 430005 436989 437771 447639 455503 458027 460662 462156 462551 463141 479682 481255 482843 488080 495427 506778 513387 513963 520293 522674 522745 529378 530671 536608 553335 565922 568334 577160 582470 588317 595744 598774 600121 601888 609053 610858 617008 619865 625299 630399 639448 639926 641556 642617 648131 648901 649184 670006 680548 692032 708629 712048 717380 722028 732766 732892 740339 740393 742084 748246 761054 766277 769020 781025 781083 785779 792539 809822 819400 830133 831823 832201 841826 842895 843432 844213 855444 856634 865837 868534 869145 870115 875193 883951 884612 885003 885848 889472 890898 899155 899815 903961 906594 913586 917309 949347 951455 960742 963038 973532 979449 984294 986534 990588 993721 998006 998423 
15893 30008 35130 38394 44070 47439 59140 61423 61927 62302 66972 93734 100433 102628 107944 113702 115145 128879 137495 144129 145066 173266 187994 198621 210326 213597 227737 231142 232184 233813 244636 251074 264345 269588 272260 277554 300157 310808 311086 317792 319176 329223 334143 334248 346808 356945 356966 369212 371624 377379 380341 383503 393737 395628 413934 423775 448514 460428 462618 470909 472244 475018 484639 486096 487066 494877 500380 509047 509651 522390 532751 536718 544555 549961 559277 561966 568139 573681 574352 575314 582862 587616 591967 598348 605616 606397 607323 620441 632018 636537 637348 645908 656553 660668 667106 675836 681976 691581 708934 717151 722599 758172 759931 774823 775080 796214 800611 807997 822999 826528 829146 835566 849226 863796 868468 876586 876910 883753 888632 890380 902007 910429 912491 916912 919239 921291 926347 928391 957400 958167 963029 964330 966666 967305 977194 985053 989307 990606 995543 
26344 45444 46310 61353 66746 70105 74214 75558 83139 92243 97927 104384 110165 130388 136586 136698 153740 174166 186112 188464 194946 203437 214623 216432 231078 231508 232199 236477 244092 259720 273713 278554 283696 305072 307757 307897 315079 315098 315624 324929 326913 330932 336706 338783 344532 346996 364135 370723 373410 399744 411455 412381 413747 415225 418784 423784 433731 438546 453844 469695 470949 485202 489027 491876 492925 497754 502436 512491 545490 580640 581328 597686 621234 642355 649029 669733 673035 691947 695247 706390 711048 729205 733480 735076 735097 737820 743230 748113 760801 763680 766388 770556 773781 776166 793142 802266 815099 817905 826156 831909 838756 839635 849012 858918 865188 867994 872447 883275 888259 891516 896990 904179 918330 927267 928405 933821 936799 944034 949302 949478 976396 981367 990734 
16416 17846 22287 30517 34312 37974 42462 46322 49485 49706 51461 63434 66301 69453 75278 79278 81587 88538 100466 106239 116196 137227 138305 139342 150508 157325 182133 198459 199194 204772 213001 213774 215694 223167 230047 240231 258994 261829 262533 265654 265702 271753 282424 287106 303601 305887 315832 320341 320542 330767 343245 343664 345534 346793 355511 366694 371368 376665 380464 386298 395083 395796 396508 426942 451606 466725 491252 506906 525987 538666 539038 539152 545652 545958 559051 563256 574113 576447 580901 583588 591622 600894 604179 608568 621359 653029 657664 660142 664048 670238 673022 693378 698787 698853 699873 705738 710074 723986 732449 735546 750711 756498 761510 772659 780647 790109 792701 802594 809325 814897 832536 833039 843823 854827 871172 871281 885079 908697 920905 936131 937641 937991 938195 939666 941311 949974 952169 956633 962199 967103 971482 973153 976591 977622 979438 980464 984815 988500 995197 996078 999855 
10036 10370 11042 14145 18567 49229 63465 64982 67536 77776 88171 109382 141722 179526 182061 187533 187927 195393 196481 202629 203956 204091 207549 226984 232031 241101 283520 285788 307470 311281 348469 354130 360454 361473 380026 381214 381755 394132 424955 436561 445043 468235 476682 478026 479003 500652 508553 529934 532854 542856 545150 548612 562693 579142 580749 582070 588035 595862 605772 614960 618758 631710 641095 642807 644561 647946 649364 656587 673131 687010 690749 704734 713231 717861 719411 724919 727608 731821 749628 749702 754377 756281 761671 777969 781068 784895 813489 817629 822951 826714 830227 841021 842638 868563 870264 871113 871267 884474 888655 889803 895170 899727 901292 901819 907359 918858 927332 933936 943375 949243 966093 979433 999331 
1901 5481 9808 11469 28426 38596 40063 54060 72158 91921 104582 110820 116214 116634 125503 137230 141811 149216 153092 153983 165475 166552 178795 193555 195809 262231 270227 272445 288336 289768 292397 299738 310804 312205 324002 332027 355095 366655 372079 379210 384058 400436 410996 449571 463420 473683 476062 486147 490530 513631 538602 539559 549723 553164 559568 576427 594644 597654 604205 606000 610367 625115 633524 638073 656985 664724 668181 671428 683698 684776 719360 725703 734346 762296 770230 777635 788655 791653 793145 797304 818438 823530 836720 837577 848914 850767 901662 902440 908876 910664 928746 929241 932272 935880 941136 945319 955552 965220 989458 994559 998718 
18878 22193 45183 94488 107968 130278 151502 157834 164725 173156 178591 187575 187888 231560 239259 248983 255546 262565 273763 309908 321035 392551 410893 420770 441427 447654 477923 564871 588215 628313 636048 682393 742090 745064 780606 790658 805377 872820 877350 889985 897984 909396 922895 928166 945489 960603 
43431 45244 52883 60725 131057 149160 156978 169965 219215 227069 239788 250707 271270 271357 276848 291221 291425 314017 341699 347881 359268 361892 377967 436851 438550 451177 475335 476433 511178 548132 592624 603541 720723 768978 853881 856448 869424 885031 955636 972182 990387 
8334 27724 27815 30522 49630 50969 50989 55917 61413 62826 68606 82126 89678 93901 97304 141169 151459 165759 178971 181085 194197 206747 212785 225782 256771 263068 263682 274576 275570 286240 287590 288121 299149 300523 305572 306808 307202 307339 319246 320482 331674 343094 363203 377596 388617 389764 393803 401032 406240 413528 416333 436539 453556 467920 469918 474637 488959 491483 492436 493827 496802 497216 498267 500303 503461 506789 529206 537081 546974 548516 552263 560352 566422 567337 574049 577522 578949 589305 590125 601886 611960 624691 627078 641217 659332 675456 692225 695434 704407 722392 726283 733044 737709 743796 747605 750194 757465 761267 762782 785909 796664 797265 802747 804428 807502 816591 817709 819390 823407 823695 835243 844027 860617 861669 872087 880579 885889 893635 898538 898857 900690 907144 912183 924410 925417 946873 949129 956138 959918 979318 981326 996020 997763 
1516 6504 6726 16699 19733 20745 37425 40352 48360 57339 61174 70329 72181 72218 79479 94838 95388 97185 109348 121189 125686 132940 145713 147612 148439 149072 174031 178015 189902 195869 206875 219328 222240 223085 223269 240811 240992 241902 248673 248729 251463 259090 287403 298448 299265 306481 325018 336536 340954 341500 347184 349863 357259 359332 365344 373847 384722 387169 392846 397943 402783 404768 412703 413865 414436 418638 454986 472244 478782 491838 493906 510302 516541 519747 545629 548462 554301 565335 569838 572240 590154 602900 605648 615901 637428 656832 677440 698021 711493 712085 730033 735424 754729 769097 771204 782362 786189 788715 795209 800307 810639 817655 848474 850738 864127 868372 869116 873803 884041 891181 892975 895029 898579 900042 914632 914812 918306 920348 952289 959878 965682 967944 970217 976994 986555 988375 
38017 40758 43588 46154 47522 67178 73829 73831 76300 83809 103491 112393 115770 120640 121914 129153 134613 134854 139742 145400 151104 154646 182392 195185 197048 198003 199839 218576 262553 264889 267887 283997 300072 314146 331690 368603 371231 375616 375894 376294 376516 379306 389574 394947 409459 410643 412083 423590 427780 438822 438943 441009 459665 465126 483211 494424 500076 518115 523485 526533 527282 531869 535134 541330 553148 574591 580392 581828 598900 606309 621934 644054 651407 666124 675158 684916 691435 694121 705628 707101 721148 728534 729299 734391 740149 749050 766353 768865 780049 783452 807517 807857 808373 809727 813208 821106 825261 825837 830345 842365 845959 854419 865518 866897 869100 883974 886512 893964 903137 909309 909417 909589 929681 933123 934031 934785 935653 947625 950918 956833 961675 961692 961770 967179 975817 991370 995641 999838 
2044 7984 12883 67081 71230 93328 117733 129015 152711 160998 161876 165852 166738 169034 190692 200381 212946 231567 235708 240559 288193 325045 333308 343044 346053 357888 359950 366182 397666 420137 423755 445392 448781 454948 477143 491840 498666 508594 509096 524623 529869 538489 548189 550061 552328 573370 580099 582599 582956 607515 644181 646928 658635 660418 715493 720232 729061 737234 739011 745134 752052 752199 758889 799096 800389 803823 822414 849213 853709 872081 877181 902652 903591 909127 909587 912536 919883 941443 948962 965735 966157 975434 
17227 21002 126910 166943 209946 219317 356555 363599 399724 402140 405504 516653 614091 669641 670697 693865 698752 709089 749411 774312 874756 876677 
13704 19087 21264 26298 30931 41935 48833 74952 93439 116827 120467 126958 127333 144078 149814 151725 174032 188181 193169 194808 202038 212349 231162 248885 269652 302546 330174 336129 337550 346612 353464 367223 369880 378757 389143 405621 416216 427279 429112 438620 442641 462366 472552 485829 500760 524857 526973 531890 554491 564063 568589 573396 583425 588759 604650 617705 636717 650282 669660 675652 676888 699774 712123 767421 776934 782219 799378 825136 859777 865947 870977 873397 883073 886338 890944 926964 928151 930570 942854 949728 953121 991815 993829 997725 
3624 15694 27018 27384 30639 37593 41686 45666 51741 63176 66316 72637 73563 76543 92881 93275 96609 108272 116482 116621 125697 141966 143072 146448 162760 163943 165782 171214 172075 173265 173987 203794 207323 209653 210468 226465 235016 243095 243329 246563 288618 294741 298171 303362 306174 309047 315803 317654 326508 330903 332281 367971 368392 370650 382795 404393 425453 426508 429443 439858 458237 485041 488004 490517 500229 507530 516029 528465 539082 553074 559768 562582 564738 570844 583734 594390 598634 607526 615530 628358 628476 628974 634526 637277 655815 658165 666629 667951 673303 675886 684797 685787 697765 700214 719558 724846 732354 733618 738632 747361 752277 753173 756370 758299 764809 765594 771029 779244 791867 800741 802163 807764 811439 822507 823747 851824 858231 875031 875515 879471 889897 898022 914800 921526 926266 928057 939502 946383 946720 951848 955969 958122 960959 969369 980468 981736 988161 988873 993437 
8966 30503 37498 37868 44545 60189 68884 93633 102565 109601 121528 124041 143157 169909 171616 197216 203624 218106 226892 274333 296456 307300 313195 320935 338613 366181 368236 373870 383403 396177 400267 421876 428578 434476 449167 468315 478363 551180 563440 566219 574727 580521 584509 594334 623913 626327 636266 655805 656429 672406 679419 682236 703296 711688 714147 725887 729652 758508 773706 773785 778968 821491 821897 822294 833601 838581 840988 858702 878545 886272 921891 924836 933174 937394 938436 966873 970367 983170 988297 
1789 1863 7633 11908 36685 59772 76701 91476 111257 111446 121949 133538 138599 148118 163089 172440 201555 204336 206164 217973 225159 242482 247183 252773 259013 266756 277187 278512 307006 307657 324520 335262 337506 343489 351585 356907 359593 380330 387704 422149 424440 426357 435993 437170 448299 449970 480129 494818 501066 501310 502833 503086 507462 514210 533781 563164 565094 576819 577306 589771 590521 609616 650885 652955 670273 680449 694825 705433 709365 716375 718678 722539 722714 730011 733809 734753 737456 739854 752680 757431 819937 820357 821351 828881 837213 853970 865128 871157 876281 896084 897863 900481 939695 947125 958767 964736 967866 
5773 11796 13010 31870 36279 36830 37632 44295 65402 69196 70680 74211 76705 85854 91306 96959 104170 108019 119698 120282 134689 135087 140791 163153 171259 175667 192232 203368 211810 213116 220653 243712 249292 254869 280399 294477 305945 314037 318221 324393 337372 345986 346363 350259 352472 353239 357038 389481 408877 414069 415455 416137 422289 440910 470731 472202 475460 475991 477605 481867 483101 486575 490840 496436 497678 504188 505579 508981 511841 535488 555583 561196 569638 592230 597128 600354 606122 611490 626663 658168 660666 664944 665419 682914 691340 692939 700750 701927 710507 712246 712428 717799 722061 731333 735041 739596 741139 744863 745513 754504 758341 764176 765910 771747 782267 783117 786972 809467 821187 830318 832008 835878 836087 837433 855880 856958 882266 893399 895206 898415 900395 906859 917167 920068 921427 921769 935590 948989 949430 964924 980043 982135 994898 995431 
755 6686 10701 17215 39948 48958 55098 56810 62884 63980 80532 85995 102979 118815 141799 152031 153966 154005 193715 203889 212000 213482 213909 215403 255845 279352 281715 282775 292215 298980 302045 320262 329665 332029 333097 343949 348151 349863 355514 360293 364254 367014 398112 404365 417329 419667 420683 442367 471560 474132 488684 489475 492404 496065 509993 563788 565093 568242 583202 595815 607308 607817 612644 630546 631920 637101 648300 658838 672862 686456 695161 696380 700573 706322 712607 716095 735882 740651 753310 755181 765179 785908 790500 806165 808752 811454 815519 822862 822958 824336 830369 832717 835173 845178 858652 862353 885551 896917 951271 954726 983262 986677 995856 
14165 38053 92260 102975 123342 124728 127863 149301 163568 166661 181331 195643 205294 205660 206873 213476 239958 247798 248569 282671 313559 337057 350217 366801 367053 370627 376776 396105 408137 409256 435833 435868 468712 474975 484539 515704 526798 534186 544804 569788 583832 585419 587825 597724 601092 602920 617302 628044 632161 639401 641610 655660 659709 669427 670448 695777 716742 717885 751982 761264 767951 783432 784301 822017 854450 874605 883676 894076 895825 901892 909096 912874 918951 923567 951638 965782 967871 976381 983297 990161 998712 999392 
14823 24820 48662 55251 64608 65819 72045 80252 97256 116357 139781 140132 147515 164218 182551 194304 219798 222843 227242 243268 271839 279759 287725 318181 324699 344226 363093 382804 390682 393564 454101 468743 481704 492283 496776 515945 518347 580530 620632 627349 632335 634109 699060 728672 738953 747032 750459 780996 791293 814388 814531 848852 851021 896021 922876 931865 953938 962142 986040 999283 
2364 4039 9823 15948 24877 35791 50718 55020 55419 58315 67161 69493 74348 77934 81300 82599 83756 88848 93850 96450 105683 106434 121079 125530 157794 166234 177919 191410 191646 196209 196691 209817 220090 232810 235694 237552 278688 287512 290130 305750 336592 348158 355455 358712 359877 362417 369175 386076 386150 389255 391955 401192 428375 437384 438706 458958 460541 461437 462146 463203 464604 465580 485840 487456 491334 546774 548732 552491 567036 567308 570066 573238 574758 590820 594648 597547 607767 609975 624351 631010 632905 641526 646680 647079 651473 661118 663071 663439 666527 670054 671051 688143 695020 704667 704938 705566 710973 712246 712917 716079 717251 720754 727963 729899 736002 736758 738580 740069 747107 755912 772383 773337 774315 785469 791817 807778 810499 817970 819028 824326 827932 834389 841410 869053 878401 878887 879217 881596 886644 902416 911599 919909 922625 923512 937884 940204 965968 998351 
13233 15589 16190 20809 25667 40095 48287 50204 51901 52444 62035 75620 81270 88022 94524 103485 114542 116856 135687 154708 158972 160309 165375 167455 181310 192893 212002 224413 227130 232997 250234 276571 283706 296834 300512 302869 342225 342790 373166 377945 385640 392591 405808 421711 455582 478835 520456 570484 576431 584541 610511 615712 633707 634858 647027 648984 660528 749213 752000 761979 767120 771897 777187 780393 791941 803373 805207 826372 850243 852785 854820 855839 866689 868767 880318 896704 913279 914705 924878 927119 929760 935584 946357 960789 964190 969371 991888 
1721 28936 32335 36450 37935 40576 83692 117109 165322 168276 204275 263053 267360 267386 279862 286087 302496 314427 324596 334621 342657 349220 374537 396588 417821 450409 458472 473096 483455 485780 497716 558485 565007 571360 579032 579082 580943 583142 585481 619779 625169 661793 678409 688967 691993 692043 716795 720651 761662 784086 792329 794562 820952 835800 849750 849958 859836 928835 961082 970153 975699 
36109 38438 38753 38983 41044 41878 42532 44190 50291 51570 53439 56953 61406 68169 71676 77049 86954 87522 90867 100032 117282 117925 123500 126569 127663 129884 133293 147991 153843 166525 173950 196479 197121 201159 209613 222233 223836 229966 234706 237623 240022 240174 244829 282694 304414 312441 313270 327081 330734 331962 338734 340341 342503 344447 346173 349134 349144 350487 353878 355416 358778 367505 376880 381294 387291 406323 410634 425578 441453 445192 445769 448127 459964 462195 469215 484355 484610 486638 488539 488939 506926 529039 531531 548942 549520 565346 571545 577410 578513 587140 591883 598447 599262 602999 614246 615639 619815 620103 625635 661639 671305 671923 678313 679186 679678 681206 685464 688717 696604 697601 709700 710648 711063 712788 731522 731526 734906 737760 738642 758619 762956 774460 775381 781342 783749 792216 803150 813727 825263 833377 853114 853525 874292 877897 887036 890188 902530 923974 927565 936852 942384 942992 947728 953109 959540 985628 
4589 26046 43567 44377 44580 45748 58617 76574 82741 90800 97128 97247 98348 99990 102598 107737 109509 110263 113750 114998 117949 122984 126188 132476 143342 145074 146726 155511 159841 171574 173928 180138 188626 211091 226770 238402 239950 241918 246488 248267 254641 267194 275123 278796 280190 280580 281179 283389 286232 286305 288033 301857 308958 313940 318034 325072 329442 336714 338183 343181 352292 358240 377865 378928 382291 384831 390299 400947 403782 406589 411085 412001 412944 414866 415227 428916 431920 432318 435691 445994 455853 458730 462928 468906 475945 493578 495064 495992 498743 500820 502004 504276 511668 513535 517411 517744 526772 551939 564151 576122 584613 591191 601629 606910 609818 614303 618329 622477 634197 636600 643965 650124 653162 653458 654003 654048 661980 664947 675444 677110 678421 682607 686401 694347 700359 705651 705868 711498 715833 734206 738330 748295 749234 759278 769257 769920 783283 804421 807995 811217 817252 822572 823660 824934 834524 849769 856084 856271 857829 874693 881120 885981 886665 889589 895275 895521 910838 924052 939184 945581 952901 955766 957204 965111 972873 976732 982477 984172 985641 986303 989491 989743 
3772 16947 22072 31562 35058 41358 70442 75194 86784 108788 119117 119478 146831 147076 154455 159806 180553 181077 184101 192706 208217 209932 217292 229878 252731 262902 273258 282006 283983 327235 331849 342811 349090 350239 374541 380914 385236 396485 403477 405079 405398 406071 407255 415424 417406 428869 429370 440281 443103 444765 461401 462085 465654 480008 497549 523922 542336 545528 555039 560457 567343 568359 568419 598982 603222 611233 612447 617352 626017 632805 638067 666265 678340 680511 690779 696680 729000 733763 734881 735457 752778 753398 767489 774207 775724 778632 781526 823387 865749 867997 871159 874759 879216 890479 899043 901299 939253 941596 945018 957368 961510 963322 968524 973038 977699 980307 982145 987644 998836 
37559 40611 41190 44916 45659 57948 60407 64243 67637 73232 76944 90211 95367 115668 125342 136994 139399 142962 155770 165342 176075 181303 186855 193382 194055 212584 261218 261801 271417 277810 279146 281865 292585 305028 332683 333004 334864 347204 353307 357697 357994 372932 386064 388221 396156 405307 406047 407434 407453 408025 417381 428615 432282 433086 444802 445691 445814 451075 468691 477044 480300 493402 500444 500634 504375 504610 512303 514176 514576 516887 525562 530058 554953 557515 565343 579499 580160 583607 597461 610082 624157 624309 624915 625533 632916 637247 638029 638204 638894 642182 643812 645734 646548 658878 662744 677344 694008 701215 713826 716475 722248 728467 731383 734584 735914 744829 745236 756338 757441 777449 781413 795498 797134 821821 831197 840471 844466 846833 851255 869355 879081 897706 899386 904912 908024 912273 914972 946908 958216 967428 973685 975886 976415 976644 998342 
15607 16189 39019 39071 64442 70757 85026 124622 130053 153487 155435 155937 179555 201646 203914 210679 213422 234830 235375 239527 243125 246924 262105 273772 278798 330141 344559 348244 349937 377074 387853 393290 396561 398937 409351 426893 433220 478913 494182 496656 524230 557555 560144 564498 564803 567417 583453 585053 585536 586029 595766 623213 629969 630376 631748 638126 647457 654949 677234 677426 680092 686218 702150 706570 791470 791654 819434 822211 833601 835836 835850 838668 845454 858705 863319 894400 896926 906923 917819 920052 941033 958532 970559 975282 986779 
31468 35273 61274 81279 89816 102838 109986 110789 168968 170284 176617 181395 221421 223388 256586 265726 268838 270307 284058 299409 342590 356370 369720 386597 407472 431082 494790 521403 544610 570341 571692 578217 578415 602462 608969 622473 649777 680473 687370 688541 700860 715426 715871 720169 734414 744609 753912 781162 784775 792682 798061 807768 828167 847003 847919 849509 891340 905607 909941 932650 945406 949666 954699 965548 965882 978486 
3733 7864 8884 11207 27795 29346 41092 41903 62364 67297 67487 73278 86298 99814 102199 102580 108673 140121 140820 142343 147303 154328 156464 165737 171520 175456 182951 186044 200672 201104 206760 214380 214905 216067 223238 229463 232758 255067 257241 259632 259720 272951 284979 292777 295884 302137 311715 331869 336994 344765 347970 348716 351955 355904 363459 365541 368336 377807 381105 381732 386784 413504 418707 422183 425655 431968 435695 438326 441114 441723 448886 466539 469687 485262 486130 492798 504153 508855 514232 515763 517701 526485 543941 547425 551265 552356 568610 568731 571498 571580 571709 588144 601668 612265 612895 620805 622259 623473 624253 626917 637623 646261 646330 655582 665241 672154 676417 677515 678042 684684 694576 716922 721727 724205 733862 745621 745898 746264 759270 770060 781027 785174 812688 825555 835105 836689 853006 860170 864727 873407 875576 885198 889167 890372 892499 899682 907191 915983 922977 923963 927411 934257 939031 945773 952724 964772 984545 986030 987225 990623 996204 997071 
510 16464 33724 42326 45426 60579 77970 86721 90120 90512 90932 91099 94113 98675 101982 102638 103460 105221 106382 114170 116005 117258 121213 123468 125895 127624 133216 155026 155987 169400 193513 204811 208071 214811 215793 224105 227388 234759 240664 246989 251428 252751 255959 276206 285812 286129 291987 295905 310101 311094 325356 331812 336282 337778 357835 361565 368424 370106 370459 372467 389167 390325 396046 397758 403927 414558 416570 418467 441508 443675 453418 453790 455396 466820 469893 472482 473955 491376 507522 514154 536214 536686 539429 539919 543769 545154 545888 549753 556083 561003 564009 574356 576403 582605 586609 591126 616273 621039 621932 622382 634234 634716 637978 646243 668264 671090 678301 683869 686385 690823 702116 709621 716421 716536 716998 719821 737258 741535 743017 747193 756352 756660 765189 774363 776490 779113 783642 789410 800379 804596 805360 809298 821296 822613 823559 824330 834243 838220 838469 845459 873872 877765 884203 894241 921669 929642 939550 943778 960387 961820 979478 988916 
6814 13073 13839 29308 33108 34527 34801 43974 47022 48863 48906 51922 52294 56542 62067 64907 70351 72232 77389 84283 100409 103786 107858 112180 112581 120850 136499 137083 151400 153401 164479 187915 188476 214821 245679 254588 256430 256895 257854 275269 277409 285214 289359 297277 303461 312238 327460 329712 333857 343803 344283 346782 350712 360250 383681 409262 433006 448023 448393 450063 450594 462401 478620 501806 537587 560281 564297 579688 585776 586053 592561 598377 600887 609272 625842 646989 652633 657721 673771 678125 686970 689703 701182 702546 727000 727653 733710 736013 747504 765486 765698 773149 773189 781108 798818 805045 806071 809444 828823 844713 845219 846341 846628 847443 870195 874972 892293 897472 898224 902389 915544 927101 940836 948804 956428 
15975 18491 18806 20063 43340 58053 61473 93225 128722 134527 144686 171701 173228 174193 180642 200139 205395 267488 271349 280118 283791 291904 307272 311115 317922 323582 325128 330976 341752 373195 391040 397568 413683 443242 452367 458292 465542 473072 487994 489717 499343 523433 536810 558204 586560 621713 626893 644554 678772 682096 727238 734539 756141 762147 763622 778993 791743 796496 816376 818363 828682 832031 832948 842248 843517 847599 861179 863242 875914 883693 887587 894019 911146 915398 916598 917091 920339 925558 939668 951169 960688 988155 996008 
12454 19968 30569 36718 36732 40432 43953 47415 48599 52781 53730 57712 78756 79137 110059 139906 153824 186832 217245 243283 248412 258094 272272 296304 310957 313743 338732 347006 370915 381876 382927 399539 403462 449378 449576 455065 459974 482085 491780 522084 565975 566950 580634 581621 608845 613562 622056 624292 628832 670909 729653 738104 745285 747631 784869 808879 820426 855993 861000 874622 883107 886420 911113 916325 919867 925870 940015 941580 942443 951999 958684 983329 990166 994083 
20502 28119 46331 48880 57482 112697 134912 136637 152179 173091 174369 184644 207398 268352 275449 286481 290426 300686 316577 345155 386549 446876 511478 606297 609149 613945 648037 679446 699978 738296 742359 746800 766600 788252 831090 853919 931721 961888 974323 977960 998021 
18697 34187 56746 57842 70291 79288 84753 102344 106119 107765 123193 159516 183180 186617 259149 266210 293928 386960 414030 419818 432086 433590 467562 481100 499067 504272 514057 536193 540125 580019 580338 581967 598549 660868 665101 692664 705392 709060 711287 715932 719497 726363 752641 766930 881353 916429 927444 931401 943483 949340 981306 
12288 38876 65835 100444 110696 151595 154790 163569 164520 240480 248036 249232 252586 263112 271394 279283 287487 333651 368696 376140 378837 391485 394061 400021 409672 429354 439727 447193 468929 513021 513107 549892 567664 594448 596223 662102 672443 673018 692675 699059 712510 728899 745947 757184 788639 789923 797607 799770 810227 840882 929614 931504 952377 
15454 16600 23461 27703 37519 41538 49112 51590 52213 63087 68588 92846 93479 96438 100910 112978 119375 124123 137000 162712 163007 212354 222500 227156 235226 258105 269708 290117 291629 313580 320098 322416 339931 347830 348464 355779 363630 363978 366137 372152 373278 405657 409618 413262 414827 427316 454449 460205 475787 478559 486161 497637 509035 512765 528483 546422 559853 572274 584147 584643 601508 624397 627014 629738 673941 683526 709936 710503 730017 744096 756949 761393 766722 779896 791086 798426 801698 803670 803844 807043 816139 833917 846714 852264 869620 870794 879831 897824 902408 904381 917296 921735 922545 923520 949695 963963 976516 983328 985185 987234 991005 994998 
146 506 17828 29250 30465 31005 31564 31695 35768 38350 42857 52031 56457 57836 59821 65229 66226 66448 69288 80562 88400 92338 96304 110342 111147 116035 120897 128427 131015 131716 135704 140270 140361 146136 157411 158504 159656 161668 167216 167364 171333 171683 172881 173032 174791 180870 184032 189967 205359 211437 219724 221995 224917 225809 229621 236981 237358 242080 248950 250454 251156 252019 253140 255241 260893 262761 275052 276720 279318 284642 286656 295152 300588 310486 311140 314852 324611 326481 341697 342389 355455 356577 365290 370126 376815 382189 396335 396768 397496 405833 410729 414290 424205 426956 427011 427143 451836 453614 459713 459944 481338 487754 499948 510470 511083 517538 517689 520801 522784 524814 551853 560997 562722 564749 586406 594514 596304 600741 607873 612178 616738 617086 623734 633825 643523 660749 664815 668949 674757 678331 679595 690099 692647 711390 716206 717754 729624 730322 732147 733520 736887 736938 742922 752863 755629 756932 762909 770180 772765 773563 777073 777074 783782 787698 791974 800630 806035 810719 818976 834839 835389 836031 842219 847274 851086 859547 871119 884727 894999 901146 905037 905423 915351 917719 919425 919863 920342 921059 923067 935949 936017 938144 944989 961912 963373 966302 966462 967028 990047 992673 
6259 41481 42943 46133 47048 47647 51585 69561 93065 99587 118381 134513 136909 162909 168465 192545 224673 226366 231435 234640 242838 243857 294495 297119 299991 304300 314107 346295 361314 370134 391736 395466 406894 407600 428257 430291 449004 459469 461747 468663 470010 474948 492162 495735 533659 536830 537406 574534 580582 613028 622264 635143 650237 679395 684481 691962 694651 700325 722860 725255 730784 744683 749345 761461 770813 772533 778235 780090 780871 819986 829899 841947 887569 907275 914655 920445 923036 927353 928803 934348 942166 947687 948050 949455 976342 984042 
1276 22982 42061 44145 67260 101227 107888 133002 133973 142496 159980 178226 178965 193515 206011 208764 262841 264240 280353 287145 291862 294417 296306 312068 333228 368811 376232 384345 388168 391339 391595 400321 415428 417329 428350 448499 459681 467868 472827 476560 497988 517917 527109 537728 551288 557972 564158 566446 567629 569026 573560 592170 605698 625951 631358 632968 646406 684379 685332 689048 690153 697495 711477 716724 718526 731403 766404 767565 767938 793952 794859 799442 803136 810704 824486 831042 836301 837750 846758 866997 870526 911403 950745 973084 983366 991843 999512 
28420 49854 54547 80442 89266 96926 104393 107028 121112 138578 138940 147110 148219 171249 175938 188522 196250 207260 274712 286004 304729 304811 306225 308303 320437 328662 331513 382334 386433 387883 411474 412536 459167 466924 490410 506940 521008 527284 551368 553102 567672 575142 585078 586295 588708 591394 603991 605315 607913 608827 634014 635218 668604 675461 679143 704099 734153 740305 749272 758598 774255 779594 782544 786940 788015 828401 870563 878098 880409 885086 934357 935618 946184 950771 951966 966440 998662 999177 
1203 2166 3980 9187 12633 13518 15692 16954 19034 25924 38872 38948 40801 42304 54953 56334 79665 95184 95397 103097 108145 119205 119660 133398 150050 151390 161252 171720 176269 178141 179355 180826 181456 182391 182433 183730 186145 192361 194275 196936 197763 199859 201945 206276 210159 213703 213762 217166 218837 228137 232028 232061 233153 234215 234587 240915 254657 255583 276318 276873 282902 285472 288442 288518 289241 292544 295410 297162 308906 311518 321388 323106 340338 347100 347642 351496 352443 359046 365077 367305 371825 379647 385740 386874 387285 390529 393993 394943 396261 407554 420245 425690 439649 440253 440929 449961 462179 463068 470118 475513 488973 493694 498274 500508 506103 508794 527305 527427 527573 528956 536107 536121 546123 549987 567715 575556 585942 588023 588292 590143 591032 592889 595477 611748 612140 620372 624962 626001 626592 628989 634833 638764 640010 643432 647815 650985 652142 659893 664450 669494 672174 675318 677632 682563 683880 688835 695850 703154 704956 707780 712326 715120 733753 737791 745293 747114 755600 772321 784952 789027 789751 797332 805372 805648 815842 822517 831966 834292 842250 869793 873150 879728 879959 880770 882286 885832 897818 902392 924107 928972 936607 938872 939435 941191 942599 951299 954603 973284 982221 985083 993662 995810 
2386 13751 17880 18131 20352 34275 36240 42517 49407 55683 84165 86770 94203 98410 114302 115468 127212 133095 135859 142352 153263 156693 163666 174832 184583 190945 201766 214342 217265 238702 240605 241558 252414 265947 265992 266368 271491 294651 299763 300613 309331 314117 326517 327554 333595 343971 363269 375192 378174 380735 392906 394155 395860 399193 401581 412143 413230 415366 416796 417705 425972 438244 439083 443591 451655 457207 457725 473046 477944 479496 484044 489888 490781 503388 511195 533391 536865 552810 555510 566082 572162 575403 586770 610690 611545 613340 613548 618308 622631 629777 632143 634556 638082 638091 642647 643601 648268 648691 654960 662342 667418 669293 670660 670990 673620 682013 686097 698269 708201 711678 712894 718833 724079 731772 743266 748299 767042 769248 784897 785863 791529 795540 799695 815444 823700 825067 828533 835590 837897 838696 839933 841578 843174 846541 848603 855944 863695 886110 891465 895916 897022 897892 909614 911325 914345 916811 917661 918801 920441 924554 928974 932770 932980 940646 943414 946860 954739 955224 959968 962654 980739 987945 989350 991995 
13531 13538 18472 36945 46920 49879 51439 51501 56838 70781 72351 96588 96634 98082 172148 174449 174587 175641 180536 180850 193159 199417 241188 243387 243981 262115 279136 287770 292203 299170 304627 306314 341008 343480 347116 362204 379589 380388 383593 389456 392091 427660 428127 448939 449174 481975 482743 494750 498197 501292 503345 518062 519364 529760 548847 561259 574574 591797 600779 648820 650472 653552 683080 696510 697654 706036 709051 712453 717801 728053 738302 768175 791394 795524 796397 797464 801869 816305 840468 851220 861867 868237 875560 877195 902295 909718 918807 919439 935754 950297 965580 989495 
3579 17787 21757 23635 32939 43563 46058 74066 78136 87904 90013 92724 93563 102702 112491 121321 123501 137732 139437 154502 173934 184047 187696 202265 218992 219982 221563 226577 233087 257603 265044 270281 285315 290099 308542 334339 345527 346440 355808 365477 375369 401946 406508 439582 448154 460744 463443 468341 482451 493000 496391 502557 503511 522991 526810 539237 559154 567893 577487 577765 578356 581563 585447 608203 620797 621865 622978 632670 633662 637660 639262 642467 643266 645608 649280 664617 695740 717448 718551 722468 732727 737761 740794 742862 760346 768426 793568 793960 797788 802832 803256 805440 808807 814358 817905 824882 861186 864425 864973 877320 878892 879906 893012 898862 909050 915798 940709 957127 960210 975104 984442 999402 
