100
4.00
9.00
121.00
8509.00
9156.00
9060.00
4258.00
2226.00
1936.00
4167.00
7095.00
7943.00
4501.00
891.00
2841.00
1058.00
8554.00
3547.00
4331.00
3653.00
9223.00
2985.00
9702.00
7132.00
7974.00
3449.00
25.00
1830.00
6324.00
3426.00
7962.00
6783.00
8461.00
5995.00
1824.00
8372.00
6457.00
9270.00
5623.00
3066.00
2217.00
9907.00
1470.00
9631.00
6391.00
8696.00
4046.00
6622.00
1040.00
4730.00
5539.00
4584.00
969.00
9064.00
8186.00
8274.00
2119.00
872.00
591.00
5249.00
2840.00
3736.00
7986.00
7621.00
5445.00
849.00
4597.00
3705.00
5944.00
9244.00
3964.00
3231.00
384.00
1773.00
7973.00
7857.00
6150.00
6722.00
4616.00
6181.00
6196.00
8746.00
4180.00
9771.00
5773.00
6081.00
7097.00
7262.00
3616.00
1511.00
7575.00
2670.00
8883.00
66.00
8425.00
8452.00
5710.00
4304.00
4927.00
1888.00
