100
72861949.00
6742079.00
9334162.00
28730876.00
53383577.00
85404179.00
62641489.00
12381135.00
73021011.00
24949249.00
64939740.00
52789887.00
90311104.00
97356776.00
22783798.00
1392157.00
99886922.00
55542564.00
78988530.00
82879378.00
36724795.00
41901426.00
73375958.00
52539463.00
73920853.00
10694331.00
70338672.00
3344672.00
96840530.00
87824833.00
8785596.00
33609731.00
25296436.00
77961851.00
46586479.00
68007579.00
96110676.00
96480239.00
50221166.00
84415814.00
61403956.00
34369030.00
31641906.00
4658409.00
91478624.00
53351587.00
50492002.00
12541714.00
33080746.00
92686639.00
13014775.00
57413853.00
23349012.00
19087055.00
50931987.00
38571402.00
86665227.00
57315339.00
99645093.00
52778242.00
35372425.00
61646449.00
72370877.00
30104466.00
35942389.00
83610669.00
7673358.00
38519702.00
90943972.00
32254899.00
84592159.00
23526410.00
982455.00
29884689.00
73920169.00
13939694.00
39923847.00
4027640.00
59137110.00
40305938.00
81430926.00
75915943.00
14091628.00
56719762.00
4631316.00
59786402.00
50322908.00
3334348.00
26450880.00
76878904.00
16090415.00
3947514.00
63366107.00
52416795.00
87137143.00
44900820.00
94408242.00
33381679.00
52002453.00
21299906.00
