2.00
3.00
11.00
92.24
95.69
95.18
65.25
47.18
44.00
64.55
84.23
89.12
67.09
29.85
53.30
32.53
92.49
59.56
65.81
60.44
96.04
54.64
98.50
84.45
89.30
58.73
5.00
42.78
79.52
58.53
89.23
82.36
91.98
77.43
42.71
91.50
80.36
96.28
74.99
55.37
47.09
99.53
38.34
98.14
79.94
93.25
63.61
81.38
32.25
68.77
74.42
67.71
31.13
95.21
90.48
90.96
46.03
29.53
24.31
72.45
53.29
61.12
89.36
87.30
73.79
29.14
67.80
60.87
77.10
96.15
62.96
56.84
19.60
42.11
89.29
88.64
78.42
81.99
67.94
78.62
78.71
93.52
64.65
98.85
75.98
77.98
84.24
85.22
60.13
38.87
87.03
51.67
94.25
8.12
91.79
91.93
75.56
65.60
70.19
43.45
