8535.92
2596.55
3055.19
5360.12
7306.41
9241.44
7914.64
3518.68
8545.23
4994.92
8058.52
7265.66
9503.22
9866.95
4773.24
1179.90
9994.34
7452.69
8887.55
9103.81
6060.10
6473.13
8565.98
7248.41
8597.72
3270.22
8386.82
1828.84
9840.76
9371.49
2964.05
5797.39
5029.56
8829.60
6825.43
8246.67
9803.61
9822.44
7086.69
9187.81
7836.07
5862.51
5625.11
2158.33
9564.45
7304.22
7105.77
3541.43
5751.59
9627.39
3607.60
7577.19
4832.08
4368.87
7136.66
6210.59
9309.42
7570.69
9982.24
7264.86
5947.47
7851.53
8507.11
5486.75
5995.20
9143.89
2770.08
6206.42
9536.45
5679.34
9197.40
4850.40
991.19
5466.69
8597.68
3733.59
6318.53
2006.90
7690.07
6348.70
9023.91
8712.98
3753.88
7531.25
2152.05
7732.17
7093.86
1826.02
5143.04
8768.06
4011.29
1986.84
7960.28
7239.94
9334.73
6700.81
9716.39
5777.69
7211.27
4615.18
