100
2 4 10
10 10 10
14 67 75
91 41 19
22 97 41
60 15 72
7 3 53
18 82 44
84 46 44
97 68 78
55 82 84
16 72 84
61 24 2
58 20 40
22 91 87
28 91 49
79 53 18
99 32 14
11 68 99
4 97 57
26 7 16
58 96 65
26 34 74
53 77 43
92 80 99
97 18 3
28 71 92
0 40 76
2 23 13
27 9 79
63 31 29
1 83 79
72 42 1
97 2 28
52 95 58
17 29 1
40 66 5
99 71 38
83 78 46
20 80 52
26 93 65
28 12 65
18 1 96
99 17 28
7 94 100
26 86 100
57 13 25
34 16 39
101 50 27
54 47 66
1120 8808 7574
2466 4722 5692
9443 4387 2004
6673 8082 5754
1379 1765 6969
6583 4747 8505
3239 1727 1580
2427 9442 6470
5842 9187 8652
3328 8352 5425
1123 3254 257
6154 2185 1401
5226 6411 5875
9935 3511 2437
3655 9492 2026
121 5717 5131
399 46 7671
7664 760 6667
9042 2922 857
7520 3320 8891
997 5455 2970
6840 8702 375
8218 5920 3439
963 2739 9804
6352 5612 7080
4969 7374 4347
620 1777 4087
1356 8380 9558
2724 107 662
6806 5518 1276
6589 5903 5619
5745 3026 3255
2314 5842 5842
7123 5198 3338
5228 4311 8583
4001 1946 4245
8319 5822 7940
4155 6070 2140
317 788 9925
6401 2578 5883
2598 4938 8365
2703 4937 194
844 108 8105
7701 2660 4806
4178 8529 9044
4755 3463 2048
7945 153 5211
9666 7622 2582
6845 1452 564
3319 7274 58
