200
550
186975
8740
80442
42660
4505
78364
47212
211770
290472
252336
146
17920
342345
108388
9531
4298
330957
155040
1256
203450
93758
71810
397188
345
299782
114000
1820
29862
14413
255802
72
3472
160051
17
860
53675
84548
107120
195130
26780
6288
9198
466000
428300
5325
13182
20277
104379
252612683288
76494315564
8823659094
133806657684
42863803191
171722983635
2159394690
197610466720
343866909246
122897689600
107332195
2151451254
110651706375
10445793521
19478581930
75242143606
1356301839
16939140248
1079526906
131274903720
24053865165
612792750
35025176422
131630185386
140679784080
69676632837
14840023697
382751887788
25213925
4497301556
93208623804
16044047985
99687157750
28973793268
158817506007
17546338185
183562859120
13901482800
38810452025
44641963017
172764971610
92949959
3553718300
30750474906
348809457766
7268629504
2118323610
25422002774
234388812
12216424
