1000
670
882
555
22
945
988
360
907
306
199
166
406
525
778
261
81
363
945
994
339
71
125
568
720
302
621
481
721
301
991
801
634
29
632
206
746
490
446
110
835
450
596
675
927
775
534
119
323
72
10
141
183
986
688
965
506
861
161
982
989
517
884
850
424
55
826
162
193
55
494
552
498
997
400
582
906
159
561
485
280
950
826
351
942
801
152
743
349
621
485
273
446
495
532
987
865
721
192
433
781
607
751
112
464
142
142
798
952
796
603
171
36
397
378
687
800
484
883
796
421
243
691
934
92
742
281
901
77
689
215
119
888
21
184
53
248
444
993
908
403
149
381
292
201
385
415
928
160
691
288
474
960
913
312
982
336
996
579
208
682
776
177
587
268
867
114
784
688
17
401
25
37
38
736
613
203
845
6
642
363
156
634
534
222
233
933
608
826
745
449
239
349
844
907
431
784
26
290
970
439
750
984
672
509
686
524
8
61
241
290
824
574
841
788
965
793
859
405
790
143
796
78
469
222
793
845
687
231
875
748
631
70
923
950
719
264
67
203
194
601
833
191
550
660
464
96
810
446
277
327
11
861
123
683
771
732
45
228
578
62
675
981
805
387
137
552
831
573
466
763
648
759
390
797
152
504
317
815
966
977
555
121
811
53
848
83
404
686
116
799
898
69
877
551
894
324
186
405
959
173
249
572
755
793
900
5
939
519
30
726
169
820
139
613
249
531
268
891
388
984
30
372
914
146
987
127
674
239
322
183
365
927
635
176
499
463
347
972
643
598
505
967
476
283
707
175
240
63
680
765
767
80
320
789
135
256
659
615
869
751
533
986
67
928
534
778
281
720
578
743
561
817
463
445
443
568
390
570
889
437
954
633
915
128
767
589
961
887
451
978
535
963
491
216
338
312
190
989
298
33
499
621
810
694
305
81
371
862
505
987
689
849
198
376
217
512
182
987
760
309
370
78
173
673
189
98
407
646
590
235
231
476
673
912
662
552
759
490
22
627
556
590
942
859
332
890
766
508
724
256
441
359
800
289
543
913
766
19
28
714
339
806
945
600
73
345
858
374
872
143
177
128
949
386
573
584
839
567
810
140
124
627
106
788
406
755
992
60
25
374
722
569
950
25
527
202
944
472
991
132
90
444
259
51
501
639
203
839
757
94
906
91
440
379
419
610
529
430
319
672
783
996
798
237
615
187
563
442
249
998
774
527
552
256
505
408
19
217
694
347
379
262
614
752
835
583
116
143
591
563
907
354
46
209
452
94
220
863
239
836
215
300
560
292
207
337
503
730
473
714
349
57
852
629
307
631
585
131
909
33
43
92
38
754
428
434
741
370
723
890
654
773
176
578
291
335
88
957
242
21
481
729
685
860
754
147
795
521
426
871
898
417
518
706
772
585
190
543
715
885
369
522
985
490
127
328
111
48
301
559
17
132
647
168
159
749
427
616
287
563
763
660
882
184
299
445
961
425
576
837
250
560
981
154
540
117
233
89
796
578
121
463
101
420
631
35
435
835
833
993
368
466
86
843
155
641
466
516
972
556
126
471
232
541
625
167
851
736
192
787
899
831
304
213
593
964
876
577
995
941
569
542
818
710
400
492
769
478
641
886
765
323
59
370
306
786
938
239
722
912
827
298
732
134
12
963
831
327
985
516
120
559
69
165
514
933
287
817
20
511
13
797
383
296
471
139
993
463
132
397
58
574
716
162
551
740
220
746
263
35
685
766
654
344
164
852
437
873
27
872
715
607
790
334
518
70
259
562
557
230
875
757
284
348
854
426
574
98
396
439
98
607
254
855
272
873
192
641
106
480
889
299
793
143
139
366
911
214
933
600
963
980
1
166
335
536
459
888
37
760
962
46
141
937
568
217
302
225
255
282
416
574
534
1
875
365
913
145
577
556
421
745
287
577
202
239
683
520
806
220
263
405
296
354
797
342
745
843
884
229
701
348
79
327
407
546
809
474
969
752
603
46
219
514
665
703
172
183
642
984
490
236
444
170
324
229
646
639
825
610
351
58
335
816
379
770
478
473
779
486
636
708
920
205
992
692
706
682
833
112
563
112
896
637
485
247
613
654
232
99
310
641
840
232
850
654
381
402
733
758
569
512
193
759
398
163
126
992
555
610
462
713
641
376
678
404
879
440
389
734
664
894
646
510
654
54
828
780
781
771
769
197
514
283
516
177
354
905
50
844
777
256
407
1000
615
68
845
113
609
483
416
998
87
206
142
524
240
368
857
298
436
465
967
380
486
785
810
732
514
678
